0,2,318.21,238.06,13.66,32.54,1.0,-1,-1,-1
0,1,244.29,224.80,25.31,65.09,1.0,-1,-1,-1
1,2,318.21,237.86,13.66,32.54,1.0,-1,-1,-1
1,1,244.08,224.80,25.71,65.09,1.0,-1,-1,-1
2,2,317.81,237.86,13.66,32.54,1.0,-1,-1,-1
2,1,243.88,224.80,25.71,65.09,1.0,-1,-1,-1
3,2,317.81,238.06,13.66,32.14,1.0,-1,-1,-1
3,1,243.88,225.00,25.31,65.09,1.0,-1,-1,-1
4,2,317.61,237.46,13.66,32.95,1.0,-1,-1,-1
4,1,243.68,224.80,25.71,65.09,1.0,-1,-1,-1
5,2,317.41,236.85,13.66,33.75,1.0,-1,-1,-1
5,1,243.48,225.40,25.71,64.69,1.0,-1,-1,-1
6,2,317.61,236.65,13.26,33.75,1.0,-1,-1,-1
6,1,243.68,225.20,25.31,64.69,1.0,-1,-1,-1
7,2,317.41,236.25,13.26,34.15,1.0,-1,-1,-1
7,1,243.88,225.20,25.31,64.69,1.0,-1,-1,-1
8,2,317.41,236.25,13.66,34.15,1.0,-1,-1,-1
8,1,244.49,225.00,24.91,64.29,1.0,-1,-1,-1
9,2,317.41,236.25,13.66,33.75,1.0,-1,-1,-1
9,1,244.69,225.00,24.51,64.29,1.0,-1,-1,-1
10,2,317.41,236.45,13.66,33.35,1.0,-1,-1,-1
10,1,245.29,225.00,24.11,63.88,1.0,-1,-1,-1
11,2,317.61,236.25,13.66,33.75,1.0,-1,-1,-1
11,1,245.69,225.40,24.11,64.29,1.0,-1,-1,-1
12,2,317.61,236.25,13.66,34.15,1.0,-1,-1,-1
12,1,245.89,225.40,24.11,64.29,1.0,-1,-1,-1
13,2,317.81,237.05,13.66,33.35,1.0,-1,-1,-1
13,1,245.89,225.60,24.11,64.29,1.0,-1,-1,-1
14,2,317.81,236.65,14.06,34.15,1.0,-1,-1,-1
14,1,245.89,225.60,24.51,64.69,1.0,-1,-1,-1
15,2,317.61,237.25,14.06,33.75,1.0,-1,-1,-1
15,1,245.69,225.80,24.91,64.29,1.0,-1,-1,-1
16,2,317.61,236.85,14.06,34.96,1.0,-1,-1,-1
16,1,245.69,225.60,25.31,64.69,1.0,-1,-1,-1
17,2,317.61,237.25,13.66,34.15,1.0,-1,-1,-1
17,1,245.89,225.80,25.31,64.69,1.0,-1,-1,-1
18,2,317.61,237.25,13.66,34.15,1.0,-1,-1,-1
18,1,246.09,225.80,25.31,64.29,1.0,-1,-1,-1
19,2,318.01,237.05,12.86,34.15,1.0,-1,-1,-1
19,1,246.09,225.80,25.31,64.29,1.0,-1,-1,-1
20,2,317.41,236.25,13.66,34.96,1.0,-1,-1,-1
20,1,246.09,225.80,25.71,64.29,1.0,-1,-1,-1
21,2,317.61,236.45,13.66,34.55,1.0,-1,-1,-1
21,1,246.09,225.80,25.71,64.29,1.0,-1,-1,-1
22,2,317.81,235.85,14.06,35.36,1.0,-1,-1,-1
22,1,245.69,225.60,26.12,64.29,1.0,-1,-1,-1
23,2,317.61,236.05,14.06,34.96,1.0,-1,-1,-1
23,1,245.09,225.60,26.92,63.88,1.0,-1,-1,-1
24,2,317.61,235.45,14.46,35.36,1.0,-1,-1,-1
24,1,244.89,225.20,27.32,64.29,1.0,-1,-1,-1
25,2,317.61,235.25,14.46,35.36,1.0,-1,-1,-1
25,1,244.89,225.20,27.32,63.88,1.0,-1,-1,-1
26,2,317.41,235.25,15.27,35.36,1.0,-1,-1,-1
26,1,244.89,225.20,27.32,63.08,1.0,-1,-1,-1
27,2,317.41,235.04,15.27,35.36,1.0,-1,-1,-1
27,1,244.89,224.80,26.92,63.48,1.0,-1,-1,-1
28,2,317.21,235.45,15.27,34.96,1.0,-1,-1,-1
28,1,244.49,224.60,27.32,64.29,1.0,-1,-1,-1
29,2,317.21,235.25,15.27,35.36,1.0,-1,-1,-1
29,1,244.69,224.60,26.52,64.29,1.0,-1,-1,-1
30,2,317.21,235.04,15.27,35.76,1.0,-1,-1,-1
30,1,244.69,224.60,26.92,65.09,1.0,-1,-1,-1
31,2,317.21,235.45,15.27,34.96,1.0,-1,-1,-1
31,1,244.89,224.80,26.92,65.09,1.0,-1,-1,-1
32,2,317.21,235.45,15.27,34.96,1.0,-1,-1,-1
32,1,244.89,224.60,26.92,65.09,1.0,-1,-1,-1
33,2,317.61,235.25,14.87,36.16,1.0,-1,-1,-1
33,1,245.09,225.20,26.12,65.09,1.0,-1,-1,-1
34,2,317.61,235.45,15.27,36.16,1.0,-1,-1,-1
34,1,245.49,225.60,25.71,64.69,1.0,-1,-1,-1
35,2,317.81,235.45,14.87,36.56,1.0,-1,-1,-1
35,1,245.89,225.60,25.31,65.09,1.0,-1,-1,-1
36,2,318.01,235.85,14.46,35.76,1.0,-1,-1,-1
36,1,246.29,226.00,25.31,65.09,1.0,-1,-1,-1
37,2,318.62,236.05,14.06,35.76,1.0,-1,-1,-1
37,1,246.09,226.21,25.31,65.09,1.0,-1,-1,-1
38,2,318.62,235.25,14.06,36.96,1.0,-1,-1,-1
38,1,246.50,226.21,25.71,65.09,1.0,-1,-1,-1
39,2,318.42,234.84,14.46,37.37,1.0,-1,-1,-1
39,1,246.50,226.21,25.71,64.69,1.0,-1,-1,-1
40,2,318.62,235.65,14.46,36.16,1.0,-1,-1,-1
40,1,247.70,226.21,24.91,64.29,1.0,-1,-1,-1
41,2,319.22,236.25,14.06,35.36,1.0,-1,-1,-1
41,1,248.30,226.41,24.11,63.88,1.0,-1,-1,-1
42,2,319.62,236.85,14.06,34.96,1.0,-1,-1,-1
42,1,249.11,226.00,24.11,63.88,1.0,-1,-1,-1
43,2,319.82,237.46,14.46,34.15,1.0,-1,-1,-1
43,1,249.71,225.40,24.51,64.29,1.0,-1,-1,-1
44,2,320.83,234.64,14.87,36.96,1.0,-1,-1,-1
44,1,250.31,225.20,24.51,64.69,1.0,-1,-1,-1
45,2,321.03,235.45,14.46,36.16,1.0,-1,-1,-1
45,1,250.51,224.80,24.91,65.09,1.0,-1,-1,-1
46,2,321.23,235.25,14.87,36.56,1.0,-1,-1,-1
46,1,250.71,224.80,25.31,64.69,1.0,-1,-1,-1
47,2,321.43,236.25,14.87,35.76,1.0,-1,-1,-1
47,1,250.92,224.80,25.71,64.69,1.0,-1,-1,-1
48,2,321.83,236.65,14.87,35.76,1.0,-1,-1,-1
48,1,250.71,225.00,26.52,64.69,1.0,-1,-1,-1
49,2,322.03,236.25,14.87,36.96,1.0,-1,-1,-1
49,1,250.92,225.00,27.32,65.09,1.0,-1,-1,-1
50,2,322.23,236.25,14.87,36.96,1.0,-1,-1,-1
50,1,251.32,225.20,27.32,65.09,1.0,-1,-1,-1
51,2,322.43,236.05,14.87,37.77,1.0,-1,-1,-1
51,1,251.92,226.21,26.52,64.69,1.0,-1,-1,-1
52,2,322.63,235.65,15.27,37.77,1.0,-1,-1,-1
52,1,252.32,226.81,26.52,64.69,1.0,-1,-1,-1
53,2,322.83,236.05,15.27,37.77,1.0,-1,-1,-1
53,1,252.32,227.01,26.92,65.09,1.0,-1,-1,-1
54,2,323.44,236.45,14.87,37.37,1.0,-1,-1,-1
54,1,252.92,227.21,26.12,65.09,1.0,-1,-1,-1
55,2,323.44,236.85,15.27,36.56,1.0,-1,-1,-1
55,1,253.33,227.41,26.12,65.09,1.0,-1,-1,-1
56,2,323.44,236.65,15.67,36.56,1.0,-1,-1,-1
56,1,253.73,227.61,25.71,64.69,1.0,-1,-1,-1
57,2,323.24,236.05,16.88,36.96,1.0,-1,-1,-1
57,1,254.13,227.81,25.31,63.88,1.0,-1,-1,-1
58,2,323.84,236.25,16.07,36.96,1.0,-1,-1,-1
58,1,254.33,227.21,25.31,64.29,1.0,-1,-1,-1
59,2,323.84,236.85,16.47,36.16,1.0,-1,-1,-1
59,1,254.33,226.81,25.31,64.69,1.0,-1,-1,-1
60,2,324.64,234.84,16.47,38.57,1.0,-1,-1,-1
60,1,254.73,226.21,24.91,64.69,1.0,-1,-1,-1
61,2,324.64,234.84,16.47,38.57,1.0,-1,-1,-1
61,1,254.93,225.80,24.91,64.69,1.0,-1,-1,-1
62,2,325.85,235.85,14.87,36.96,1.0,-1,-1,-1
62,1,254.93,225.60,25.31,64.29,1.0,-1,-1,-1
63,2,325.85,235.65,15.27,37.77,1.0,-1,-1,-1
63,1,254.93,225.40,25.31,64.69,1.0,-1,-1,-1
64,2,326.25,236.05,15.67,37.77,1.0,-1,-1,-1
64,1,254.53,225.00,25.71,65.49,1.0,-1,-1,-1
65,2,326.25,236.05,16.07,37.77,1.0,-1,-1,-1
65,1,254.73,225.20,26.12,65.89,1.0,-1,-1,-1
66,2,326.65,235.85,15.67,38.17,1.0,-1,-1,-1
66,1,254.53,225.80,26.52,65.89,1.0,-1,-1,-1
67,2,326.65,234.04,16.07,39.78,1.0,-1,-1,-1
67,1,254.73,226.21,26.92,66.29,1.0,-1,-1,-1
68,2,327.25,234.84,15.27,39.38,1.0,-1,-1,-1
68,1,255.13,226.81,26.52,65.89,1.0,-1,-1,-1
69,2,327.46,234.64,15.67,40.58,1.0,-1,-1,-1
69,1,256.14,227.41,26.12,65.49,1.0,-1,-1,-1
70,2,327.86,234.24,15.27,40.58,1.0,-1,-1,-1
70,1,255.94,227.81,26.92,65.49,1.0,-1,-1,-1
71,2,328.06,234.04,15.67,40.98,1.0,-1,-1,-1
71,1,257.34,228.21,26.12,65.09,1.0,-1,-1,-1
72,2,328.66,234.84,15.27,40.18,1.0,-1,-1,-1
72,1,258.15,228.42,25.31,64.69,1.0,-1,-1,-1
73,2,329.06,234.24,15.27,40.58,1.0,-1,-1,-1
73,1,258.55,228.42,25.71,64.69,1.0,-1,-1,-1
74,2,329.67,236.05,15.27,38.97,1.0,-1,-1,-1
74,1,258.75,228.21,26.52,65.09,1.0,-1,-1,-1
75,2,330.27,236.45,15.67,38.97,1.0,-1,-1,-1
75,1,259.55,227.81,26.12,65.09,1.0,-1,-1,-1
76,2,330.87,234.24,16.47,41.79,1.0,-1,-1,-1
76,1,260.16,227.41,26.12,65.09,1.0,-1,-1,-1
77,2,331.07,233.44,16.88,42.59,1.0,-1,-1,-1
77,1,262.17,226.81,24.91,64.69,1.0,-1,-1,-1
78,2,331.27,234.04,17.28,41.79,1.0,-1,-1,-1
78,1,262.37,226.41,25.71,64.69,1.0,-1,-1,-1
79,2,332.28,236.65,17.68,38.97,1.0,-1,-1,-1
79,1,263.57,225.80,25.71,65.49,1.0,-1,-1,-1
80,2,331.88,235.85,18.88,39.38,1.0,-1,-1,-1
80,1,263.97,226.00,25.71,65.09,1.0,-1,-1,-1
81,2,333.28,233.44,17.68,42.19,1.0,-1,-1,-1
81,1,264.58,226.21,26.12,65.89,1.0,-1,-1,-1
82,2,334.69,234.04,16.88,42.19,1.0,-1,-1,-1
82,1,265.38,226.61,26.12,65.49,1.0,-1,-1,-1
83,2,335.09,235.25,16.47,40.98,1.0,-1,-1,-1
83,1,265.78,227.21,26.52,65.49,1.0,-1,-1,-1
84,2,336.09,233.64,16.47,42.59,1.0,-1,-1,-1
84,1,266.58,227.61,26.52,65.09,1.0,-1,-1,-1
85,2,336.70,233.44,16.07,42.99,1.0,-1,-1,-1
85,1,267.19,228.01,26.52,65.09,1.0,-1,-1,-1
86,2,337.50,233.44,16.07,43.79,1.0,-1,-1,-1
86,1,267.99,228.62,26.52,64.69,1.0,-1,-1,-1
87,2,338.10,233.04,16.88,44.60,1.0,-1,-1,-1
87,1,268.39,229.22,26.12,64.69,1.0,-1,-1,-1
88,2,338.71,232.83,16.88,44.60,1.0,-1,-1,-1
88,1,268.79,229.42,26.12,64.69,1.0,-1,-1,-1
89,2,339.51,233.24,16.88,44.60,1.0,-1,-1,-1
89,1,269.40,229.62,26.12,64.69,1.0,-1,-1,-1
90,2,340.51,233.64,16.47,44.20,1.0,-1,-1,-1
90,1,270.40,229.22,25.71,65.09,1.0,-1,-1,-1
91,2,341.12,233.84,17.28,43.79,1.0,-1,-1,-1
91,1,271.21,229.22,25.71,64.69,1.0,-1,-1,-1
92,2,342.12,234.04,17.28,43.79,1.0,-1,-1,-1
92,1,271.81,228.62,25.71,65.09,1.0,-1,-1,-1
93,2,342.32,233.44,18.08,44.20,1.0,-1,-1,-1
93,1,272.21,228.01,26.12,65.09,1.0,-1,-1,-1
94,2,342.92,233.64,18.08,44.20,1.0,-1,-1,-1
94,1,273.42,227.41,25.71,65.09,1.0,-1,-1,-1
95,2,344.33,233.84,17.68,44.20,1.0,-1,-1,-1
95,1,274.42,227.01,25.31,65.49,1.0,-1,-1,-1
96,2,344.73,233.64,17.68,43.79,1.0,-1,-1,-1
96,1,276.23,226.81,24.51,64.69,1.0,-1,-1,-1
97,2,345.33,233.24,17.68,44.20,1.0,-1,-1,-1
97,1,276.83,226.21,24.91,65.09,1.0,-1,-1,-1
98,2,345.94,232.63,18.08,45.00,1.0,-1,-1,-1
98,1,278.04,226.61,24.11,64.69,1.0,-1,-1,-1
99,2,345.94,232.63,18.48,45.00,1.0,-1,-1,-1
99,1,278.64,227.01,24.91,64.29,1.0,-1,-1,-1
100,2,347.34,232.23,17.68,45.40,1.0,-1,-1,-1
100,1,279.84,227.21,24.11,64.69,1.0,-1,-1,-1
101,2,348.35,232.63,17.68,45.00,1.0,-1,-1,-1
101,1,280.85,227.41,24.11,65.09,1.0,-1,-1,-1
102,2,349.55,232.43,16.88,46.21,1.0,-1,-1,-1
102,1,282.05,228.21,23.71,64.69,1.0,-1,-1,-1
103,2,350.16,232.23,17.28,45.80,1.0,-1,-1,-1
103,1,282.86,229.02,23.71,63.88,1.0,-1,-1,-1
104,2,351.56,232.43,16.88,45.80,1.0,-1,-1,-1
104,1,283.66,229.02,23.71,64.29,1.0,-1,-1,-1
105,2,352.17,232.43,17.68,46.61,1.0,-1,-1,-1
105,1,284.46,229.22,24.11,64.69,1.0,-1,-1,-1
106,2,352.97,232.63,18.08,47.41,1.0,-1,-1,-1
106,1,285.47,229.22,24.91,64.69,1.0,-1,-1,-1
107,2,353.97,233.04,17.68,47.01,1.0,-1,-1,-1
107,1,286.47,229.22,24.51,64.29,1.0,-1,-1,-1
108,2,354.38,233.44,18.08,46.61,1.0,-1,-1,-1
108,1,287.28,228.82,24.51,65.09,1.0,-1,-1,-1
109,2,355.38,233.04,17.68,47.01,1.0,-1,-1,-1
109,1,287.88,228.42,25.31,65.09,1.0,-1,-1,-1
110,2,356.38,233.44,17.68,46.61,1.0,-1,-1,-1
110,1,288.48,228.21,25.31,65.09,1.0,-1,-1,-1
111,2,356.99,232.83,17.68,47.41,1.0,-1,-1,-1
111,1,289.49,227.81,25.71,65.49,1.0,-1,-1,-1
112,2,358.19,233.04,18.48,47.01,1.0,-1,-1,-1
112,1,290.49,227.81,26.12,65.09,1.0,-1,-1,-1
113,2,359.60,232.43,17.28,47.81,1.0,-1,-1,-1
113,1,291.29,227.41,31.34,65.09,1.0,-1,-1,-1
114,2,360.60,232.03,17.68,47.81,1.0,-1,-1,-1
114,1,292.30,227.41,30.13,65.49,1.0,-1,-1,-1
115,2,361.41,231.83,18.08,48.21,1.0,-1,-1,-1
115,1,293.30,227.21,30.94,65.89,1.0,-1,-1,-1
116,2,362.41,231.23,18.08,48.62,1.0,-1,-1,-1
116,1,294.31,227.41,27.32,65.49,1.0,-1,-1,-1
117,2,363.21,231.03,19.29,49.02,1.0,-1,-1,-1
117,1,294.71,228.01,28.12,64.69,1.0,-1,-1,-1
118,2,364.42,231.03,18.08,49.42,1.0,-1,-1,-1
118,1,296.32,228.42,28.53,64.69,1.0,-1,-1,-1
119,2,365.02,230.83,18.88,49.82,1.0,-1,-1,-1
119,1,297.12,228.62,26.92,65.09,1.0,-1,-1,-1
120,2,366.03,230.62,19.29,50.22,1.0,-1,-1,-1
120,1,297.72,229.02,29.33,64.69,1.0,-1,-1,-1
121,2,367.23,231.23,18.88,49.82,1.0,-1,-1,-1
121,1,298.53,229.02,28.93,65.09,1.0,-1,-1,-1
122,2,367.83,231.23,18.88,50.22,1.0,-1,-1,-1
122,1,299.13,228.62,28.53,65.49,1.0,-1,-1,-1
123,2,368.64,231.43,19.29,50.62,1.0,-1,-1,-1
123,1,299.73,228.82,27.32,65.09,1.0,-1,-1,-1
124,2,369.84,231.43,19.29,50.22,1.0,-1,-1,-1
124,1,300.33,228.42,28.53,65.09,1.0,-1,-1,-1
125,2,370.25,231.43,20.09,50.22,1.0,-1,-1,-1
125,1,301.34,228.21,27.72,65.09,1.0,-1,-1,-1
126,2,370.04,231.43,20.09,50.22,1.0,-1,-1,-1
126,1,301.74,227.61,28.12,65.89,1.0,-1,-1,-1
127,2,370.85,231.03,20.09,51.43,1.0,-1,-1,-1
127,1,302.34,227.81,28.12,65.09,1.0,-1,-1,-1
128,2,371.25,230.83,22.10,51.03,1.0,-1,-1,-1
128,1,303.15,227.21,27.72,65.09,1.0,-1,-1,-1
129,2,371.65,230.22,20.09,51.83,1.0,-1,-1,-1
129,1,303.35,227.01,27.32,65.49,1.0,-1,-1,-1
130,2,372.25,229.82,20.89,51.03,1.0,-1,-1,-1
130,1,303.75,227.21,27.32,64.69,1.0,-1,-1,-1
131,2,372.46,229.42,20.89,51.43,1.0,-1,-1,-1
131,1,304.35,227.21,27.72,64.29,1.0,-1,-1,-1
132,2,373.06,229.22,20.89,51.03,1.0,-1,-1,-1
132,1,304.55,227.01,28.12,64.29,1.0,-1,-1,-1
133,2,373.66,228.82,20.49,51.83,1.0,-1,-1,-1
133,1,305.36,227.21,27.32,64.29,1.0,-1,-1,-1
134,2,374.06,228.82,20.89,52.63,1.0,-1,-1,-1
134,1,306.36,228.21,26.12,63.48,1.0,-1,-1,-1
135,2,374.67,228.82,20.49,53.04,1.0,-1,-1,-1
135,1,306.56,227.81,26.92,64.69,1.0,-1,-1,-1
136,2,375.47,228.82,20.09,53.04,1.0,-1,-1,-1
136,1,306.96,227.81,26.12,64.69,1.0,-1,-1,-1
137,2,375.87,228.62,20.49,53.44,1.0,-1,-1,-1
137,1,307.17,228.01,26.12,64.29,1.0,-1,-1,-1
138,2,376.67,228.82,20.49,53.44,1.0,-1,-1,-1
138,1,308.17,228.01,25.71,65.09,1.0,-1,-1,-1
139,2,377.08,229.02,20.49,53.44,1.0,-1,-1,-1
139,1,308.97,227.61,25.31,65.09,1.0,-1,-1,-1
140,2,377.28,229.22,22.90,54.24,1.0,-1,-1,-1
140,1,308.97,227.41,26.12,65.09,1.0,-1,-1,-1
141,2,378.08,229.22,21.70,53.44,1.0,-1,-1,-1
141,1,308.57,227.41,27.32,65.09,1.0,-1,-1,-1
142,2,378.68,229.02,22.10,53.84,1.0,-1,-1,-1
142,1,309.17,227.41,26.92,65.09,1.0,-1,-1,-1
143,2,379.89,229.02,21.70,53.84,1.0,-1,-1,-1
143,1,309.78,227.01,26.92,65.09,1.0,-1,-1,-1
144,2,380.49,229.02,21.29,54.24,1.0,-1,-1,-1
144,1,310.38,227.01,26.92,64.69,1.0,-1,-1,-1
145,2,381.70,230.02,20.89,52.63,1.0,-1,-1,-1
145,1,310.98,226.61,26.52,65.09,1.0,-1,-1,-1
146,2,382.50,228.42,20.89,54.24,1.0,-1,-1,-1
146,1,311.18,226.61,26.92,65.09,1.0,-1,-1,-1
147,2,383.30,227.21,21.70,55.45,1.0,-1,-1,-1
147,1,311.79,226.21,27.32,65.09,1.0,-1,-1,-1
148,2,383.91,227.21,22.10,55.85,1.0,-1,-1,-1
148,1,312.59,226.21,26.52,64.69,1.0,-1,-1,-1
149,2,383.91,226.61,22.90,56.25,1.0,-1,-1,-1
149,1,313.39,226.21,26.12,64.69,1.0,-1,-1,-1
150,2,385.31,226.41,22.10,56.65,1.0,-1,-1,-1
150,1,314.20,226.61,25.71,65.09,1.0,-1,-1,-1
151,2,385.92,226.41,22.10,56.65,1.0,-1,-1,-1
151,1,314.40,226.61,25.71,65.09,1.0,-1,-1,-1
152,2,386.12,226.41,22.50,56.65,1.0,-1,-1,-1
152,1,315.00,226.61,25.31,65.49,1.0,-1,-1,-1
153,2,386.92,226.21,22.50,57.86,1.0,-1,-1,-1
153,1,315.20,227.01,24.91,65.49,1.0,-1,-1,-1
154,2,387.32,226.81,22.90,57.46,1.0,-1,-1,-1
154,1,315.60,227.01,24.91,65.89,1.0,-1,-1,-1
155,2,387.12,227.01,23.71,57.86,1.0,-1,-1,-1
155,1,315.60,227.21,24.91,64.69,1.0,-1,-1,-1
156,2,387.12,227.01,22.90,57.86,1.0,-1,-1,-1
156,1,316.00,227.21,24.51,65.09,1.0,-1,-1,-1
157,2,387.12,226.81,24.31,58.26,1.0,-1,-1,-1
157,1,316.21,227.01,24.51,65.09,1.0,-1,-1,-1
158,2,387.92,227.41,24.71,57.86,1.0,-1,-1,-1
158,1,316.41,227.21,24.91,64.69,1.0,-1,-1,-1
159,2,388.93,227.41,24.91,58.26,1.0,-1,-1,-1
159,1,316.61,227.21,24.51,65.09,1.0,-1,-1,-1
160,2,388.33,227.21,25.51,58.66,1.0,-1,-1,-1
160,1,317.61,227.21,23.71,64.69,1.0,-1,-1,-1
161,2,389.53,226.81,23.91,59.06,1.0,-1,-1,-1
161,1,317.41,227.01,24.11,64.29,1.0,-1,-1,-1
162,2,389.73,226.21,24.11,59.46,1.0,-1,-1,-1
162,1,317.41,227.01,24.51,64.29,1.0,-1,-1,-1
163,2,389.33,225.20,24.11,60.27,1.0,-1,-1,-1
163,1,318.21,226.81,23.71,64.29,1.0,-1,-1,-1
164,2,389.73,225.00,24.51,60.67,1.0,-1,-1,-1
164,1,318.82,227.01,23.30,63.88,1.0,-1,-1,-1
165,2,389.93,224.00,23.91,61.87,1.0,-1,-1,-1
165,1,318.82,227.01,24.11,63.88,1.0,-1,-1,-1
166,2,390.54,223.79,22.90,61.88,1.0,-1,-1,-1
166,1,319.02,226.61,24.11,64.29,1.0,-1,-1,-1
167,2,390.94,223.59,25.71,62.28,1.0,-1,-1,-1
167,1,319.02,226.81,24.51,64.29,1.0,-1,-1,-1
168,2,391.74,223.59,25.31,62.28,1.0,-1,-1,-1
168,1,319.42,226.61,24.51,64.69,1.0,-1,-1,-1
169,2,391.74,223.79,24.51,63.08,1.0,-1,-1,-1
169,1,319.62,226.41,24.51,64.69,1.0,-1,-1,-1
170,2,391.54,223.59,25.92,63.88,1.0,-1,-1,-1
170,1,319.62,226.41,24.91,64.69,1.0,-1,-1,-1
171,2,391.54,223.79,26.32,63.88,1.0,-1,-1,-1
171,1,319.82,226.21,25.31,65.09,1.0,-1,-1,-1
172,2,392.34,224.20,25.11,64.29,1.0,-1,-1,-1
172,1,320.02,226.21,24.91,65.09,1.0,-1,-1,-1
173,2,392.54,225.00,25.71,63.88,1.0,-1,-1,-1
173,1,320.02,226.21,25.31,65.49,1.0,-1,-1,-1
174,3,101.75,149.56,96.63,219.68,1.0,-1,-1,-1
174,2,393.75,225.00,24.91,63.88,1.0,-1,-1,-1
174,1,320.22,226.41,25.71,65.89,1.0,-1,-1,-1
175,3,98.54,139.42,91.81,230.62,1.0,-1,-1,-1
175,2,393.75,225.00,25.31,64.29,1.0,-1,-1,-1
175,1,320.22,226.61,26.12,65.49,1.0,-1,-1,-1
176,3,93.62,142.53,98.64,211.44,1.0,-1,-1,-1
176,2,394.15,225.00,24.91,64.69,1.0,-1,-1,-1
176,1,320.22,226.61,26.12,65.49,1.0,-1,-1,-1
177,3,90.05,143.04,95.98,221.38,1.0,-1,-1,-1
177,2,394.55,224.20,24.51,65.49,1.0,-1,-1,-1
177,1,320.42,226.81,25.71,64.69,1.0,-1,-1,-1
178,3,85.88,135.50,99.04,224.10,1.0,-1,-1,-1
178,2,394.96,224.00,24.91,65.49,1.0,-1,-1,-1
178,1,321.03,226.81,25.31,64.69,1.0,-1,-1,-1
179,3,81.26,133.79,101.85,247.90,1.0,-1,-1,-1
179,2,395.36,223.59,25.31,65.89,1.0,-1,-1,-1
179,1,321.03,226.81,25.31,64.69,1.0,-1,-1,-1
180,3,74.83,123.45,126.36,268.69,1.0,-1,-1,-1
180,2,396.36,222.99,24.31,66.29,1.0,-1,-1,-1
180,1,320.83,226.41,25.71,64.29,1.0,-1,-1,-1
181,3,68.05,120.84,131.64,261.66,1.0,-1,-1,-1
181,2,396.36,221.79,25.92,67.50,1.0,-1,-1,-1
181,1,320.83,226.00,25.71,64.69,1.0,-1,-1,-1
182,3,65.64,117.72,112.55,264.37,1.0,-1,-1,-1
182,2,396.56,220.98,26.92,68.71,1.0,-1,-1,-1
182,1,320.83,225.80,26.12,64.69,1.0,-1,-1,-1
183,3,60.52,120.13,120.89,260.36,1.0,-1,-1,-1
183,2,396.96,220.98,27.72,68.30,1.0,-1,-1,-1
183,1,321.23,225.60,25.31,65.09,1.0,-1,-1,-1
184,3,53.44,119.73,134.20,280.85,1.0,-1,-1,-1
184,2,397.37,220.98,27.32,68.71,1.0,-1,-1,-1
184,1,321.23,225.40,25.31,65.09,1.0,-1,-1,-1
185,3,48.77,115.41,127.01,290.39,1.0,-1,-1,-1
185,2,398.17,221.18,27.32,68.71,1.0,-1,-1,-1
185,1,321.23,225.40,25.31,64.69,1.0,-1,-1,-1
186,3,33.90,113.20,142.89,300.64,1.0,-1,-1,-1
186,2,397.97,221.38,28.33,69.11,1.0,-1,-1,-1
186,1,321.23,225.40,25.31,65.09,1.0,-1,-1,-1
187,3,34.40,114.21,140.98,292.80,1.0,-1,-1,-1
187,2,398.17,222.19,28.93,68.30,1.0,-1,-1,-1
187,1,321.23,225.40,25.31,65.09,1.0,-1,-1,-1
188,3,26.92,108.28,147.15,347.34,1.0,-1,-1,-1
188,2,398.97,222.39,28.93,69.91,1.0,-1,-1,-1
188,1,321.83,225.60,24.91,65.49,1.0,-1,-1,-1
189,3,17.38,110.89,155.99,329.06,1.0,-1,-1,-1
189,2,399.17,222.79,29.53,69.51,1.0,-1,-1,-1
189,1,321.63,225.80,24.91,65.89,1.0,-1,-1,-1
190,3,8.99,98.94,158.15,322.13,1.0,-1,-1,-1
190,2,399.17,222.79,30.33,70.31,1.0,-1,-1,-1
190,1,321.63,226.00,24.91,65.89,1.0,-1,-1,-1
191,3,1.10,98.24,177.49,369.44,1.0,-1,-1,-1
191,2,399.38,222.99,30.54,71.12,1.0,-1,-1,-1
191,1,321.83,226.41,24.51,65.89,1.0,-1,-1,-1
192,3,-1.71,92.21,175.08,387.52,1.0,-1,-1,-1
192,2,399.78,222.99,30.54,70.71,1.0,-1,-1,-1
192,1,322.03,226.81,24.11,65.49,1.0,-1,-1,-1
193,3,-2.41,92.41,168.65,396.16,1.0,-1,-1,-1
193,2,399.78,222.99,30.54,71.12,1.0,-1,-1,-1
193,1,321.83,226.61,24.11,65.49,1.0,-1,-1,-1
194,3,-7.43,78.15,172.67,444.98,1.0,-1,-1,-1
194,2,399.58,222.19,30.33,72.32,1.0,-1,-1,-1
194,1,322.03,226.61,23.71,65.09,1.0,-1,-1,-1
195,3,-5.62,93.11,180.30,300.64,1.0,-1,-1,-1
195,2,400.18,221.58,29.73,72.32,1.0,-1,-1,-1
195,1,322.63,226.41,23.30,65.09,1.0,-1,-1,-1
196,3,-10.15,84.38,153.28,329.06,1.0,-1,-1,-1
196,2,399.98,220.78,29.53,72.72,1.0,-1,-1,-1
196,1,322.63,226.00,23.71,65.09,1.0,-1,-1,-1
197,3,-0.90,49.82,148.26,476.92,1.0,-1,-1,-1
197,2,398.97,219.78,30.54,73.93,1.0,-1,-1,-1
197,1,322.63,226.00,23.71,65.09,1.0,-1,-1,-1
198,3,-1.61,75.74,133.69,341.32,1.0,-1,-1,-1
198,2,399.78,218.77,28.93,74.73,1.0,-1,-1,-1
198,1,322.63,225.60,23.71,65.09,1.0,-1,-1,-1
199,3,-0.65,65.19,145.90,355.08,1.0,-1,-1,-1
199,2,399.98,218.17,28.73,75.54,1.0,-1,-1,-1
199,1,322.63,225.40,23.71,65.09,1.0,-1,-1,-1
200,3,-2.76,47.21,138.16,490.38,1.0,-1,-1,-1
200,2,399.98,218.17,28.33,75.94,1.0,-1,-1,-1
200,1,322.43,225.20,23.71,64.69,1.0,-1,-1,-1
201,3,-18.78,37.77,155.69,499.82,1.0,-1,-1,-1
201,2,400.18,218.37,28.12,77.14,1.0,-1,-1,-1
201,1,322.03,225.00,24.11,65.09,1.0,-1,-1,-1
202,3,-2.76,41.99,115.86,495.60,1.0,-1,-1,-1
202,2,400.58,218.37,28.12,78.35,1.0,-1,-1,-1
202,1,321.83,225.00,24.91,65.09,1.0,-1,-1,-1
203,3,-16.47,47.21,128.07,414.04,1.0,-1,-1,-1
203,2,400.78,218.77,29.13,77.54,1.0,-1,-1,-1
203,1,321.43,225.00,25.31,65.09,1.0,-1,-1,-1
204,3,-2.81,61.47,99.39,339.51,1.0,-1,-1,-1
204,2,401.38,219.37,29.73,77.95,1.0,-1,-1,-1
204,1,320.83,225.20,26.12,65.09,1.0,-1,-1,-1
205,3,-3.57,39.58,99.19,499.62,1.0,-1,-1,-1
205,2,401.79,219.98,29.73,77.54,1.0,-1,-1,-1
205,1,320.62,225.40,25.71,65.89,1.0,-1,-1,-1
206,3,-4.19,46.81,98.01,477.12,1.0,-1,-1,-1
206,2,402.39,220.38,30.33,77.95,1.0,-1,-1,-1
206,1,320.42,225.80,26.12,65.89,1.0,-1,-1,-1
207,3,-15.34,43.39,113.28,482.54,1.0,-1,-1,-1
207,2,401.99,220.58,31.54,78.35,1.0,-1,-1,-1
207,1,320.42,226.21,26.92,66.70,1.0,-1,-1,-1
208,3,-29.63,39.38,106.57,406.21,1.0,-1,-1,-1
208,2,401.99,220.98,31.94,79.15,1.0,-1,-1,-1
208,1,320.42,226.21,26.12,66.70,1.0,-1,-1,-1
209,2,402.79,220.98,31.14,79.55,1.0,-1,-1,-1
209,1,320.42,226.61,25.31,66.70,1.0,-1,-1,-1
210,2,404.00,221.18,29.93,79.55,1.0,-1,-1,-1
210,1,320.62,227.01,25.31,65.49,1.0,-1,-1,-1
211,2,404.40,220.18,29.93,81.56,1.0,-1,-1,-1
211,1,320.62,227.01,24.91,65.09,1.0,-1,-1,-1
212,2,405.20,219.78,29.53,81.56,1.0,-1,-1,-1
212,1,320.83,227.01,24.51,65.09,1.0,-1,-1,-1
213,2,405.00,219.58,30.54,81.16,1.0,-1,-1,-1
213,1,320.83,226.61,24.91,65.09,1.0,-1,-1,-1
214,2,406.00,218.97,31.14,81.56,1.0,-1,-1,-1
214,1,321.03,225.80,24.91,65.89,1.0,-1,-1,-1
215,2,406.21,217.77,31.34,82.77,1.0,-1,-1,-1
215,1,320.83,225.00,25.71,65.89,1.0,-1,-1,-1
216,2,406.61,216.76,31.34,83.97,1.0,-1,-1,-1
216,1,320.62,224.40,27.72,65.89,1.0,-1,-1,-1
217,2,407.21,216.56,31.54,84.38,1.0,-1,-1,-1
217,1,320.83,224.60,27.32,65.49,1.0,-1,-1,-1
218,2,407.41,216.36,32.95,85.98,1.0,-1,-1,-1
218,1,320.83,224.60,26.92,65.89,1.0,-1,-1,-1
219,2,408.01,217.17,33.15,86.38,1.0,-1,-1,-1
219,1,320.62,224.80,27.72,66.29,1.0,-1,-1,-1
220,2,407.81,217.57,34.55,86.79,1.0,-1,-1,-1
220,1,321.03,225.00,27.72,66.70,1.0,-1,-1,-1
221,2,409.22,217.97,35.16,87.59,1.0,-1,-1,-1
221,1,321.03,225.60,27.72,66.29,1.0,-1,-1,-1
222,2,409.82,218.77,35.36,87.59,1.0,-1,-1,-1
222,1,321.03,226.21,27.32,66.29,1.0,-1,-1,-1
223,2,409.42,219.78,36.96,87.59,1.0,-1,-1,-1
223,1,321.23,227.01,26.92,65.89,1.0,-1,-1,-1
224,2,406.81,220.18,40.38,88.39,1.0,-1,-1,-1
224,1,321.23,227.41,26.92,65.09,1.0,-1,-1,-1
225,2,408.01,220.18,39.58,89.20,1.0,-1,-1,-1
225,1,321.03,227.81,26.92,65.09,1.0,-1,-1,-1
226,2,409.22,219.98,39.17,90.00,1.0,-1,-1,-1
226,1,320.83,228.01,26.92,65.09,1.0,-1,-1,-1
227,2,409.02,219.37,39.38,90.80,1.0,-1,-1,-1
227,1,320.83,227.61,26.52,65.09,1.0,-1,-1,-1
228,2,409.02,218.77,40.18,91.21,1.0,-1,-1,-1
228,1,320.62,227.41,26.52,65.09,1.0,-1,-1,-1
229,2,409.42,217.57,39.38,92.41,1.0,-1,-1,-1
229,1,321.03,227.01,25.71,65.09,1.0,-1,-1,-1
230,2,409.22,216.56,38.37,94.02,1.0,-1,-1,-1
230,1,321.03,226.41,26.12,65.09,1.0,-1,-1,-1
231,2,409.42,215.36,36.96,94.82,1.0,-1,-1,-1
231,1,320.62,226.00,26.12,64.69,1.0,-1,-1,-1
232,2,410.02,214.75,35.96,94.82,1.0,-1,-1,-1
232,1,320.22,225.20,25.71,65.49,1.0,-1,-1,-1
233,2,410.42,213.95,35.16,96.03,1.0,-1,-1,-1
233,1,320.22,224.80,25.71,65.49,1.0,-1,-1,-1
234,2,410.83,213.35,35.16,97.23,1.0,-1,-1,-1
234,1,319.82,225.00,26.12,65.49,1.0,-1,-1,-1
235,2,411.03,213.75,35.36,97.63,1.0,-1,-1,-1
235,1,319.82,225.40,26.12,65.49,1.0,-1,-1,-1
236,2,411.23,214.15,35.56,99.24,1.0,-1,-1,-1
236,1,319.62,225.40,26.12,66.29,1.0,-1,-1,-1
237,2,411.23,214.75,36.36,99.24,1.0,-1,-1,-1
237,1,319.82,226.00,25.71,65.89,1.0,-1,-1,-1
238,2,411.83,215.56,37.77,98.84,1.0,-1,-1,-1
238,1,319.62,226.61,25.71,65.49,1.0,-1,-1,-1
239,2,412.23,216.16,37.77,100.04,1.0,-1,-1,-1
239,1,319.42,226.81,25.71,65.89,1.0,-1,-1,-1
240,2,413.04,216.96,40.98,100.04,1.0,-1,-1,-1
240,1,319.22,227.41,25.71,65.09,1.0,-1,-1,-1
241,2,413.84,217.57,39.38,101.25,1.0,-1,-1,-1
241,1,319.02,227.61,25.71,65.09,1.0,-1,-1,-1
242,2,414.24,217.57,40.18,102.86,1.0,-1,-1,-1
242,1,319.02,227.61,25.31,65.89,1.0,-1,-1,-1
243,2,414.64,217.77,40.18,103.26,1.0,-1,-1,-1
243,1,318.62,227.41,25.71,65.89,1.0,-1,-1,-1
244,2,414.64,217.17,40.18,104.46,1.0,-1,-1,-1
244,1,318.42,227.21,25.71,66.29,1.0,-1,-1,-1
245,2,415.04,216.36,40.18,105.27,1.0,-1,-1,-1
245,1,318.42,227.01,25.71,65.09,1.0,-1,-1,-1
246,2,415.85,214.55,40.98,107.28,1.0,-1,-1,-1
246,1,318.42,226.41,25.71,65.49,1.0,-1,-1,-1
247,2,417.05,213.75,39.38,108.08,1.0,-1,-1,-1
247,1,318.21,226.21,25.71,65.49,1.0,-1,-1,-1
248,2,417.05,212.34,40.18,109.69,1.0,-1,-1,-1
248,1,318.01,225.80,25.71,65.89,1.0,-1,-1,-1
249,2,417.46,211.74,40.98,110.09,1.0,-1,-1,-1
249,1,318.21,225.60,25.31,65.89,1.0,-1,-1,-1
250,2,417.05,210.94,42.59,110.89,1.0,-1,-1,-1
250,1,318.01,225.40,25.31,65.89,1.0,-1,-1,-1
251,2,416.65,210.94,45.00,112.10,1.0,-1,-1,-1
251,1,318.01,225.60,25.31,65.89,1.0,-1,-1,-1
252,2,416.65,210.74,46.61,113.30,1.0,-1,-1,-1
252,1,318.01,225.80,25.31,65.49,1.0,-1,-1,-1
253,2,417.46,211.34,47.41,114.91,1.0,-1,-1,-1
253,1,317.81,226.21,25.71,65.49,1.0,-1,-1,-1
254,2,416.65,211.74,49.82,116.52,1.0,-1,-1,-1
254,1,318.21,226.61,25.31,65.09,1.0,-1,-1,-1
255,2,415.85,212.95,52.23,116.52,1.0,-1,-1,-1
255,1,318.01,227.21,25.31,64.69,1.0,-1,-1,-1
256,2,415.04,213.55,54.64,117.72,1.0,-1,-1,-1
256,1,318.21,227.61,25.31,65.09,1.0,-1,-1,-1
257,2,415.04,214.15,55.45,118.93,1.0,-1,-1,-1
257,1,318.42,227.81,24.91,65.09,1.0,-1,-1,-1
258,2,415.85,214.35,56.25,119.73,1.0,-1,-1,-1
258,1,318.01,228.01,25.71,65.09,1.0,-1,-1,-1
259,2,415.45,214.35,57.86,120.94,1.0,-1,-1,-1
259,1,318.21,228.01,25.71,65.09,1.0,-1,-1,-1
260,2,416.25,213.55,57.86,122.95,1.0,-1,-1,-1
260,1,319.02,228.21,24.91,65.09,1.0,-1,-1,-1
261,2,417.46,212.95,57.05,123.75,1.0,-1,-1,-1
261,1,319.42,228.01,24.51,64.69,1.0,-1,-1,-1
262,2,419.06,211.94,55.45,125.76,1.0,-1,-1,-1
262,1,319.22,227.21,24.91,65.09,1.0,-1,-1,-1
263,2,421.07,210.54,53.04,126.96,1.0,-1,-1,-1
263,1,318.82,227.21,25.71,65.09,1.0,-1,-1,-1
264,2,422.28,208.93,51.43,128.57,1.0,-1,-1,-1
264,1,319.82,227.01,24.91,65.09,1.0,-1,-1,-1
265,2,421.87,207.72,51.43,130.18,1.0,-1,-1,-1
265,1,319.62,227.01,25.31,65.09,1.0,-1,-1,-1
266,2,423.08,206.92,49.82,130.98,1.0,-1,-1,-1
266,1,319.62,226.61,25.31,65.49,1.0,-1,-1,-1
267,2,423.88,206.52,49.02,132.99,1.0,-1,-1,-1
267,1,319.62,226.41,25.31,65.09,1.0,-1,-1,-1
268,2,424.69,205.92,49.02,136.21,1.0,-1,-1,-1
268,1,319.42,226.21,25.31,65.49,1.0,-1,-1,-1
269,2,425.09,205.92,49.82,137.81,1.0,-1,-1,-1
269,1,319.02,226.41,25.31,65.09,1.0,-1,-1,-1
270,2,425.09,205.71,51.43,139.42,1.0,-1,-1,-1
270,1,318.82,226.61,25.31,65.09,1.0,-1,-1,-1
271,2,426.29,206.92,51.43,139.82,1.0,-1,-1,-1
271,1,319.02,226.61,24.91,65.09,1.0,-1,-1,-1
272,2,427.90,207.72,52.23,142.23,1.0,-1,-1,-1
272,1,319.02,227.01,24.51,65.49,1.0,-1,-1,-1
273,2,427.90,208.73,53.84,142.63,1.0,-1,-1,-1
273,1,318.62,227.01,24.51,65.89,1.0,-1,-1,-1
274,2,430.71,208.93,53.04,145.04,1.0,-1,-1,-1
274,1,318.62,227.01,24.51,65.89,1.0,-1,-1,-1
275,2,433.12,209.53,52.23,147.86,1.0,-1,-1,-1
275,1,318.62,227.01,24.51,65.89,1.0,-1,-1,-1
276,2,434.33,209.73,53.04,149.06,1.0,-1,-1,-1
276,1,318.62,227.01,24.51,65.09,1.0,-1,-1,-1
277,2,434.73,207.52,59.46,151.47,1.0,-1,-1,-1
277,1,318.82,226.81,24.11,65.09,1.0,-1,-1,-1
278,2,436.34,206.72,58.66,152.28,1.0,-1,-1,-1
278,1,318.62,227.01,24.51,65.09,1.0,-1,-1,-1
279,2,437.14,205.21,57.86,154.39,1.0,-1,-1,-1
279,1,318.62,226.61,24.51,65.89,1.0,-1,-1,-1
280,2,437.54,203.40,58.66,157.00,1.0,-1,-1,-1
280,1,318.62,226.61,24.51,65.49,1.0,-1,-1,-1
281,2,439.15,201.90,60.27,158.30,1.0,-1,-1,-1
281,1,318.82,226.41,24.11,66.29,1.0,-1,-1,-1
282,2,439.15,200.29,63.48,160.71,1.0,-1,-1,-1
282,1,319.02,226.21,24.11,67.10,1.0,-1,-1,-1
283,2,439.15,199.29,66.70,161.92,1.0,-1,-1,-1
283,1,319.62,226.21,23.71,66.70,1.0,-1,-1,-1
284,2,438.75,199.49,71.52,162.72,1.0,-1,-1,-1
284,1,319.82,226.21,23.71,65.89,1.0,-1,-1,-1
285,2,438.75,197.88,75.54,165.13,1.0,-1,-1,-1
285,1,319.82,226.41,23.71,65.49,1.0,-1,-1,-1
286,2,439.55,199.49,78.75,165.13,1.0,-1,-1,-1
286,1,320.42,226.21,23.71,65.49,1.0,-1,-1,-1
287,2,440.36,199.89,81.96,165.94,1.0,-1,-1,-1
287,1,320.83,226.21,23.30,65.89,1.0,-1,-1,-1
288,2,441.56,200.09,85.18,172.77,1.0,-1,-1,-1
288,1,321.03,226.41,23.71,65.49,1.0,-1,-1,-1
289,2,443.57,200.69,86.79,175.98,1.0,-1,-1,-1
289,1,321.03,226.21,24.11,65.89,1.0,-1,-1,-1
290,2,446.79,201.09,86.79,177.59,1.0,-1,-1,-1
290,1,321.03,226.21,24.11,65.89,1.0,-1,-1,-1
291,2,449.60,200.39,86.79,178.09,1.0,-1,-1,-1
291,1,321.23,226.21,24.11,65.49,1.0,-1,-1,-1
292,2,452.81,199.29,85.98,180.00,1.0,-1,-1,-1
292,1,321.03,226.00,24.51,66.70,1.0,-1,-1,-1
293,2,455.22,198.38,85.18,180.90,1.0,-1,-1,-1
293,1,321.23,226.21,24.51,66.29,1.0,-1,-1,-1
294,2,456.83,197.68,84.37,182.41,1.0,-1,-1,-1
294,1,320.83,226.21,24.91,66.29,1.0,-1,-1,-1
295,2,462.05,195.97,78.75,180.90,1.0,-1,-1,-1
295,1,321.23,226.21,24.51,65.89,1.0,-1,-1,-1
296,2,464.87,194.36,76.34,192.96,1.0,-1,-1,-1
296,1,321.23,226.21,24.51,66.29,1.0,-1,-1,-1
297,2,467.28,192.05,74.73,198.08,1.0,-1,-1,-1
297,1,321.23,226.21,24.51,66.70,1.0,-1,-1,-1
298,2,468.88,190.25,75.54,196.87,1.0,-1,-1,-1
298,1,321.03,226.21,24.91,66.70,1.0,-1,-1,-1
299,2,470.09,188.74,79.55,205.01,1.0,-1,-1,-1
299,1,321.03,226.61,24.51,65.49,1.0,-1,-1,-1
300,2,474.11,187.73,81.16,207.62,1.0,-1,-1,-1
300,1,321.03,226.21,24.11,65.09,1.0,-1,-1,-1
301,2,475.31,186.93,85.18,211.64,1.0,-1,-1,-1
301,1,321.03,226.21,24.11,65.09,1.0,-1,-1,-1
302,2,478.93,185.93,87.59,219.88,1.0,-1,-1,-1
302,1,320.62,226.00,24.11,65.49,1.0,-1,-1,-1
303,2,482.14,186.33,90.80,219.48,1.0,-1,-1,-1
303,1,320.22,226.00,24.11,65.49,1.0,-1,-1,-1
304,2,486.96,186.83,92.41,222.59,1.0,-1,-1,-1
304,1,319.82,225.80,24.11,65.89,1.0,-1,-1,-1
305,2,491.79,187.13,94.02,228.72,1.0,-1,-1,-1
305,1,319.82,225.60,23.71,66.29,1.0,-1,-1,-1
306,2,495.80,187.63,98.04,231.03,1.0,-1,-1,-1
306,1,319.22,225.80,24.11,66.29,1.0,-1,-1,-1
307,2,501.03,187.83,100.45,239.67,1.0,-1,-1,-1
307,1,319.02,225.80,24.11,65.89,1.0,-1,-1,-1
308,2,504.64,186.63,102.86,245.69,1.0,-1,-1,-1
308,1,318.21,226.21,24.91,65.49,1.0,-1,-1,-1
309,2,512.28,186.33,98.84,251.62,1.0,-1,-1,-1
309,1,318.62,226.21,24.51,65.89,1.0,-1,-1,-1
310,2,518.30,183.72,100.45,261.46,1.0,-1,-1,-1
310,1,318.62,226.61,24.51,65.49,1.0,-1,-1,-1
311,2,523.12,181.10,102.86,264.88,1.0,-1,-1,-1
311,1,318.42,227.01,24.51,65.89,1.0,-1,-1,-1
312,2,527.14,177.99,108.48,271.61,1.0,-1,-1,-1
312,1,318.21,227.01,24.51,66.29,1.0,-1,-1,-1
313,2,531.56,176.58,110.89,272.61,1.0,-1,-1,-1
313,1,318.01,227.41,24.51,65.49,1.0,-1,-1,-1
314,2,536.79,173.57,98.84,276.03,1.0,-1,-1,-1
314,1,317.61,227.41,24.91,66.29,1.0,-1,-1,-1
315,2,542.41,171.86,100.45,282.96,1.0,-1,-1,-1
315,1,317.61,227.41,24.91,65.09,1.0,-1,-1,-1
316,2,546.43,169.75,102.86,293.91,1.0,-1,-1,-1
316,1,317.61,227.41,24.91,65.09,1.0,-1,-1,-1
317,2,551.65,167.95,106.87,301.34,1.0,-1,-1,-1
317,1,317.81,227.41,24.51,65.09,1.0,-1,-1,-1
318,2,556.07,165.13,105.27,310.98,1.0,-1,-1,-1
318,1,317.81,227.21,24.51,65.09,1.0,-1,-1,-1
319,2,560.09,161.52,112.50,322.63,1.0,-1,-1,-1
319,1,317.81,226.81,24.51,65.09,1.0,-1,-1,-1
320,2,566.52,161.82,110.89,327.56,1.0,-1,-1,-1
320,1,317.61,226.81,24.91,65.09,1.0,-1,-1,-1
321,2,572.95,163.93,106.88,320.22,1.0,-1,-1,-1
321,1,317.21,226.21,24.91,65.09,1.0,-1,-1,-1
322,2,581.79,163.93,100.45,335.49,1.0,-1,-1,-1
322,1,317.21,226.41,24.91,64.29,1.0,-1,-1,-1
323,2,590.62,177.19,102.86,337.50,1.0,-1,-1,-1
323,1,316.61,226.41,25.31,64.69,1.0,-1,-1,-1
324,1,316.41,226.61,25.71,64.69,1.0,-1,-1,-1
325,1,316.21,226.61,25.71,65.49,1.0,-1,-1,-1
326,1,316.21,227.01,25.31,65.49,1.0,-1,-1,-1
327,1,316.00,227.81,25.71,65.49,1.0,-1,-1,-1
328,1,315.80,228.21,25.31,65.49,1.0,-1,-1,-1
329,1,315.40,229.02,25.31,64.29,1.0,-1,-1,-1
330,1,315.40,229.22,25.31,64.29,1.0,-1,-1,-1
331,1,315.20,229.42,25.31,64.29,1.0,-1,-1,-1
332,1,314.80,229.62,25.31,63.88,1.0,-1,-1,-1
333,1,314.40,229.42,25.31,63.88,1.0,-1,-1,-1
334,1,313.59,229.42,26.12,63.48,1.0,-1,-1,-1
335,1,313.19,229.02,25.71,63.88,1.0,-1,-1,-1
336,1,313.39,228.82,23.71,63.08,1.0,-1,-1,-1
337,1,312.59,227.81,24.11,63.48,1.0,-1,-1,-1
338,1,312.39,228.21,23.71,62.68,1.0,-1,-1,-1
339,1,311.79,228.21,24.11,62.68,1.0,-1,-1,-1
340,1,311.58,228.01,23.71,63.08,1.0,-1,-1,-1
341,1,310.78,228.42,24.11,63.88,1.0,-1,-1,-1
342,1,310.38,229.02,24.11,63.48,1.0,-1,-1,-1
343,1,310.18,228.42,24.11,65.09,1.0,-1,-1,-1
344,1,310.18,229.02,24.51,64.69,1.0,-1,-1,-1
345,1,310.18,229.82,24.11,63.88,1.0,-1,-1,-1
346,1,309.98,230.02,25.31,64.29,1.0,-1,-1,-1
347,1,310.18,230.62,24.91,63.88,1.0,-1,-1,-1
348,1,309.78,230.83,26.92,63.88,1.0,-1,-1,-1
349,1,309.78,230.62,25.71,63.88,1.0,-1,-1,-1
350,1,309.98,230.62,25.31,63.88,1.0,-1,-1,-1
351,1,309.98,229.62,25.71,64.69,1.0,-1,-1,-1
352,1,310.18,229.22,26.92,64.69,1.0,-1,-1,-1
353,1,310.98,228.62,26.92,64.69,1.0,-1,-1,-1
354,1,311.38,228.01,26.52,65.09,1.0,-1,-1,-1
355,1,311.38,228.21,26.92,65.09,1.0,-1,-1,-1
356,1,311.79,228.01,25.71,64.69,1.0,-1,-1,-1
357,1,312.19,228.01,25.71,64.69,1.0,-1,-1,-1
358,1,312.39,228.21,25.71,64.69,1.0,-1,-1,-1
359,1,312.59,228.42,25.71,65.49,1.0,-1,-1,-1
360,1,313.19,228.62,25.31,65.49,1.0,-1,-1,-1
361,1,312.99,229.02,26.12,65.09,1.0,-1,-1,-1
362,1,313.39,229.62,25.31,64.69,1.0,-1,-1,-1
363,1,313.39,229.82,25.31,65.49,1.0,-1,-1,-1
364,1,313.59,229.82,25.31,65.49,1.0,-1,-1,-1
365,4,330.87,231.63,10.85,26.12,1.0,-1,-1,-1
365,1,313.59,229.62,25.71,65.89,1.0,-1,-1,-1
366,4,332.08,233.04,10.04,24.11,1.0,-1,-1,-1
366,1,313.59,229.22,25.71,66.29,1.0,-1,-1,-1
367,4,332.68,233.84,8.84,22.90,1.0,-1,-1,-1
367,1,314.00,229.02,25.71,66.29,1.0,-1,-1,-1
368,4,333.68,233.24,8.44,22.10,1.0,-1,-1,-1
368,1,314.00,228.42,24.91,66.29,1.0,-1,-1,-1
369,4,333.68,232.23,8.84,24.51,1.0,-1,-1,-1
369,1,313.79,227.81,26.12,66.29,1.0,-1,-1,-1
370,4,334.69,232.83,8.04,22.50,1.0,-1,-1,-1
370,1,314.80,227.61,25.31,66.70,1.0,-1,-1,-1
371,4,335.09,232.43,8.04,22.10,1.0,-1,-1,-1
371,1,315.20,227.61,25.31,66.70,1.0,-1,-1,-1
372,4,335.49,232.43,8.04,20.49,1.0,-1,-1,-1
372,1,316.00,227.21,24.51,67.10,1.0,-1,-1,-1
373,4,335.69,232.03,8.04,20.89,1.0,-1,-1,-1
373,1,316.00,227.21,24.91,67.10,1.0,-1,-1,-1
374,4,336.09,232.23,8.04,19.69,1.0,-1,-1,-1
374,1,315.80,227.41,25.31,66.70,1.0,-1,-1,-1
375,4,336.90,232.03,8.84,20.49,1.0,-1,-1,-1
375,1,317.81,227.81,23.30,66.29,1.0,-1,-1,-1
376,4,337.30,232.23,8.04,19.29,1.0,-1,-1,-1
376,1,318.01,228.01,23.71,66.29,1.0,-1,-1,-1
377,4,337.30,232.43,8.84,19.29,1.0,-1,-1,-1
377,1,318.21,228.01,23.71,66.70,1.0,-1,-1,-1
378,4,337.90,231.63,8.84,22.90,1.0,-1,-1,-1
378,1,318.42,228.21,23.71,66.70,1.0,-1,-1,-1
379,4,338.30,232.03,8.44,22.10,1.0,-1,-1,-1
379,1,319.62,228.01,22.90,67.10,1.0,-1,-1,-1
380,4,339.31,232.23,8.04,20.49,1.0,-1,-1,-1
380,1,319.82,227.81,23.30,67.10,1.0,-1,-1,-1
381,1,321.03,227.81,22.50,67.10,1.0,-1,-1,-1
382,1,321.43,227.61,22.90,67.10,1.0,-1,-1,-1
383,1,321.43,227.41,23.71,67.10,1.0,-1,-1,-1
384,1,321.83,227.01,23.30,67.50,1.0,-1,-1,-1
385,4,340.92,230.22,9.64,26.12,1.0,-1,-1,-1
385,1,321.83,226.61,23.71,67.90,1.0,-1,-1,-1
386,4,340.92,230.42,11.65,28.53,1.0,-1,-1,-1
386,1,322.03,226.21,24.51,67.90,1.0,-1,-1,-1
387,4,341.72,230.02,10.85,26.52,1.0,-1,-1,-1
387,1,322.63,226.41,24.51,67.50,1.0,-1,-1,-1
388,1,322.43,226.21,25.31,67.50,1.0,-1,-1,-1
389,1,323.44,225.80,24.51,67.50,1.0,-1,-1,-1
390,1,323.44,225.80,24.91,67.50,1.0,-1,-1,-1
391,1,323.64,226.21,24.91,66.70,1.0,-1,-1,-1
392,1,324.04,226.41,24.91,67.90,1.0,-1,-1,-1
393,1,324.24,227.01,24.91,67.90,1.0,-1,-1,-1
394,4,346.54,230.42,9.64,24.11,1.0,-1,-1,-1
394,1,324.64,226.81,24.51,68.30,1.0,-1,-1,-1
395,4,347.34,231.03,9.64,25.71,1.0,-1,-1,-1
395,1,324.44,227.01,24.91,68.30,1.0,-1,-1,-1
396,4,348.35,231.63,8.84,21.29,1.0,-1,-1,-1
396,1,324.44,227.01,25.31,68.30,1.0,-1,-1,-1
397,1,324.24,227.01,25.31,69.11,1.0,-1,-1,-1
398,1,324.04,227.01,25.31,67.50,1.0,-1,-1,-1
399,1,323.84,226.81,25.31,68.30,1.0,-1,-1,-1
400,1,323.64,226.81,25.71,69.11,1.0,-1,-1,-1
401,1,323.64,226.61,25.71,68.30,1.0,-1,-1,-1
402,1,324.24,226.61,25.31,67.90,1.0,-1,-1,-1
403,1,324.44,226.41,24.91,67.90,1.0,-1,-1,-1
404,1,324.84,226.41,24.51,67.90,1.0,-1,-1,-1
405,1,324.84,226.61,24.51,67.50,1.0,-1,-1,-1
406,1,325.04,226.41,24.51,67.50,1.0,-1,-1,-1
407,1,325.65,226.41,23.71,67.50,1.0,-1,-1,-1
408,1,325.85,226.21,23.71,67.50,1.0,-1,-1,-1
409,1,326.05,226.21,23.71,67.50,1.0,-1,-1,-1
410,1,325.85,226.21,24.11,67.90,1.0,-1,-1,-1
411,1,325.85,226.00,24.51,67.90,1.0,-1,-1,-1
412,1,325.65,225.80,24.51,68.30,1.0,-1,-1,-1
413,1,325.65,225.80,24.51,67.50,1.0,-1,-1,-1
414,1,325.45,225.80,25.31,67.10,1.0,-1,-1,-1
415,1,325.45,225.60,25.31,67.10,1.0,-1,-1,-1
416,1,325.25,225.60,25.31,67.10,1.0,-1,-1,-1
417,1,325.04,225.60,25.71,67.50,1.0,-1,-1,-1
418,1,325.25,225.40,25.31,67.90,1.0,-1,-1,-1
419,1,324.84,225.80,25.71,67.50,1.0,-1,-1,-1
420,1,325.04,225.80,24.91,67.10,1.0,-1,-1,-1
421,1,325.04,225.60,24.91,66.70,1.0,-1,-1,-1
422,1,325.04,225.60,24.51,66.70,1.0,-1,-1,-1
423,1,324.44,225.60,24.91,66.70,1.0,-1,-1,-1
424,1,324.24,225.60,25.31,67.10,1.0,-1,-1,-1
425,1,324.24,225.40,25.31,67.50,1.0,-1,-1,-1
426,1,324.24,225.20,24.91,67.50,1.0,-1,-1,-1
427,1,323.84,225.00,25.31,67.50,1.0,-1,-1,-1
428,1,323.64,225.00,25.31,67.50,1.0,-1,-1,-1
429,1,323.64,225.20,25.31,67.10,1.0,-1,-1,-1
430,1,323.44,225.00,25.31,67.50,1.0,-1,-1,-1
431,1,323.44,225.00,25.31,67.90,1.0,-1,-1,-1
432,5,370.65,226.81,10.45,31.74,1.0,-1,-1,-1
432,1,323.24,225.40,25.31,67.50,1.0,-1,-1,-1
433,5,371.05,227.01,10.85,30.94,1.0,-1,-1,-1
433,1,323.44,225.40,24.91,67.50,1.0,-1,-1,-1
434,5,371.25,227.01,10.45,27.72,1.0,-1,-1,-1
434,1,323.04,225.60,25.31,67.10,1.0,-1,-1,-1
435,1,323.24,226.00,24.91,67.10,1.0,-1,-1,-1
436,1,323.64,226.00,24.51,67.10,1.0,-1,-1,-1
437,1,323.44,226.21,24.91,67.10,1.0,-1,-1,-1
438,5,372.05,228.21,12.86,29.73,1.0,-1,-1,-1
438,1,323.64,226.21,24.11,66.29,1.0,-1,-1,-1
439,5,374.46,229.82,10.45,25.71,1.0,-1,-1,-1
439,1,323.44,226.00,24.51,66.29,1.0,-1,-1,-1
440,1,323.24,225.80,24.91,66.70,1.0,-1,-1,-1
441,1,322.83,225.80,25.31,66.70,1.0,-1,-1,-1
442,1,322.63,225.40,24.91,67.10,1.0,-1,-1,-1
443,1,322.23,225.20,25.31,67.10,1.0,-1,-1,-1
444,1,322.63,225.00,24.91,66.29,1.0,-1,-1,-1
445,1,322.03,224.80,25.31,66.70,1.0,-1,-1,-1
446,1,320.83,225.40,26.52,66.70,1.0,-1,-1,-1
447,1,319.82,225.40,27.32,66.70,1.0,-1,-1,-1
448,1,319.82,225.40,27.32,67.10,1.0,-1,-1,-1
449,1,320.02,226.00,26.52,67.50,1.0,-1,-1,-1
450,1,320.22,226.41,26.52,67.10,1.0,-1,-1,-1
451,1,320.22,226.81,26.12,66.70,1.0,-1,-1,-1
452,1,320.62,227.01,25.31,66.29,1.0,-1,-1,-1
453,1,320.22,227.21,25.31,66.70,1.0,-1,-1,-1
454,1,320.42,227.01,24.91,67.10,1.0,-1,-1,-1
455,1,320.22,227.01,24.51,67.10,1.0,-1,-1,-1
456,1,320.02,227.01,23.71,67.50,1.0,-1,-1,-1
457,1,319.42,227.01,24.11,67.50,1.0,-1,-1,-1
458,1,318.82,226.21,24.51,68.30,1.0,-1,-1,-1
459,1,318.62,226.00,24.51,67.50,1.0,-1,-1,-1
460,1,318.42,226.00,24.91,66.70,1.0,-1,-1,-1
461,1,317.61,225.60,25.31,67.10,1.0,-1,-1,-1
462,1,317.21,225.80,25.31,67.10,1.0,-1,-1,-1
463,1,316.41,225.80,26.12,67.10,1.0,-1,-1,-1
464,1,315.20,226.21,26.92,67.50,1.0,-1,-1,-1
465,1,315.20,226.41,26.52,67.90,1.0,-1,-1,-1
466,1,315.00,226.81,26.52,67.90,1.0,-1,-1,-1
467,1,313.39,227.41,27.32,67.10,1.0,-1,-1,-1
468,1,313.39,227.61,27.32,67.50,1.0,-1,-1,-1
469,1,313.59,228.01,26.52,67.10,1.0,-1,-1,-1
470,1,312.59,228.21,27.72,66.70,1.0,-1,-1,-1
471,1,311.99,228.01,27.72,67.10,1.0,-1,-1,-1
472,1,311.79,227.81,27.72,67.50,1.0,-1,-1,-1
473,1,312.39,227.41,26.92,67.90,1.0,-1,-1,-1
474,1,312.39,227.01,26.52,67.50,1.0,-1,-1,-1
475,1,312.19,226.81,25.71,67.10,1.0,-1,-1,-1
476,1,311.58,226.41,26.12,67.10,1.0,-1,-1,-1
477,1,311.18,226.21,25.71,67.50,1.0,-1,-1,-1
478,1,310.18,226.21,26.12,67.50,1.0,-1,-1,-1
479,1,309.58,226.41,26.12,68.30,1.0,-1,-1,-1
480,1,309.38,226.81,25.71,67.90,1.0,-1,-1,-1
481,1,308.77,227.01,24.91,67.50,1.0,-1,-1,-1
482,1,308.57,227.41,24.51,67.90,1.0,-1,-1,-1
483,1,307.37,227.81,24.91,67.50,1.0,-1,-1,-1
484,1,306.96,228.42,24.51,67.90,1.0,-1,-1,-1
485,1,306.16,228.62,24.51,67.10,1.0,-1,-1,-1
486,1,305.36,228.42,24.51,67.50,1.0,-1,-1,-1
487,1,304.55,227.61,24.51,68.71,1.0,-1,-1,-1
488,1,303.75,228.01,24.11,68.30,1.0,-1,-1,-1
489,6,401.18,230.62,10.25,29.33,1.0,-1,-1,-1
489,1,302.95,227.81,24.51,67.90,1.0,-1,-1,-1
490,1,302.14,227.41,24.91,67.50,1.0,-1,-1,-1
491,1,301.14,227.01,25.31,68.30,1.0,-1,-1,-1
492,1,300.54,226.81,24.91,67.90,1.0,-1,-1,-1
493,1,299.53,226.61,25.31,68.30,1.0,-1,-1,-1
494,1,298.73,226.61,25.71,68.30,1.0,-1,-1,-1
495,1,298.53,226.81,24.91,67.90,1.0,-1,-1,-1
496,1,297.92,226.61,25.31,68.71,1.0,-1,-1,-1
497,1,297.32,226.61,25.71,67.90,1.0,-1,-1,-1
498,1,296.12,226.81,26.12,67.50,1.0,-1,-1,-1
499,1,296.72,227.01,24.91,67.50,1.0,-1,-1,-1
500,1,295.92,227.21,25.31,67.10,1.0,-1,-1,-1
501,1,295.92,227.61,24.91,66.70,1.0,-1,-1,-1
502,1,295.51,227.21,24.91,67.50,1.0,-1,-1,-1
503,1,294.91,227.21,25.31,67.90,1.0,-1,-1,-1
504,1,294.31,227.21,24.91,67.90,1.0,-1,-1,-1
505,1,293.50,226.81,25.71,67.10,1.0,-1,-1,-1
506,1,293.30,226.61,24.91,66.70,1.0,-1,-1,-1
507,1,292.30,226.00,25.31,67.50,1.0,-1,-1,-1
508,1,291.90,225.80,25.31,67.50,1.0,-1,-1,-1
509,1,291.70,225.80,25.31,66.29,1.0,-1,-1,-1
510,1,290.69,225.40,25.71,67.10,1.0,-1,-1,-1
511,1,290.29,225.40,25.71,67.10,1.0,-1,-1,-1
512,1,289.69,225.00,25.71,67.50,1.0,-1,-1,-1
513,1,288.88,225.20,25.71,67.10,1.0,-1,-1,-1
514,7,412.23,227.01,11.25,32.14,1.0,-1,-1,-1
514,1,288.48,225.40,25.71,66.70,1.0,-1,-1,-1
515,7,412.63,227.41,10.45,29.73,1.0,-1,-1,-1
515,1,288.28,225.60,24.91,67.10,1.0,-1,-1,-1
516,7,413.44,227.61,9.64,27.32,1.0,-1,-1,-1
516,1,287.88,225.60,24.51,67.10,1.0,-1,-1,-1
517,7,413.84,228.01,9.64,27.72,1.0,-1,-1,-1
517,1,287.08,225.40,24.51,67.50,1.0,-1,-1,-1
518,7,414.24,228.42,9.64,28.53,1.0,-1,-1,-1
518,1,286.47,225.40,24.91,67.50,1.0,-1,-1,-1
519,7,413.84,227.81,11.25,29.73,1.0,-1,-1,-1
519,1,286.27,225.20,24.51,67.50,1.0,-1,-1,-1
520,7,414.64,227.81,10.45,28.53,1.0,-1,-1,-1
520,1,285.47,225.00,24.91,67.90,1.0,-1,-1,-1
521,7,415.45,227.61,12.05,34.96,1.0,-1,-1,-1
521,1,285.27,225.20,24.51,67.10,1.0,-1,-1,-1
522,7,416.25,227.41,12.05,34.96,1.0,-1,-1,-1
522,1,284.46,225.20,24.91,66.70,1.0,-1,-1,-1
523,1,284.26,224.40,24.91,67.50,1.0,-1,-1,-1
524,1,284.46,224.60,24.11,67.10,1.0,-1,-1,-1
525,1,284.06,224.40,24.51,67.90,1.0,-1,-1,-1
526,1,283.86,223.59,24.51,68.30,1.0,-1,-1,-1
527,1,283.86,223.79,24.11,67.90,1.0,-1,-1,-1
528,1,283.86,224.20,24.11,67.10,1.0,-1,-1,-1
529,1,283.86,224.20,24.11,67.10,1.0,-1,-1,-1
530,1,283.66,224.60,24.51,66.70,1.0,-1,-1,-1
531,1,283.66,224.60,24.51,66.70,1.0,-1,-1,-1
532,1,283.66,225.00,24.11,67.10,1.0,-1,-1,-1
533,1,283.46,224.80,24.51,67.50,1.0,-1,-1,-1
534,1,283.46,225.20,24.11,67.10,1.0,-1,-1,-1
535,7,423.88,227.41,11.25,31.34,1.0,-1,-1,-1
535,1,283.06,225.00,24.51,67.50,1.0,-1,-1,-1
536,7,425.09,227.41,10.45,30.94,1.0,-1,-1,-1
536,1,282.66,225.00,24.91,68.71,1.0,-1,-1,-1
537,7,425.09,227.41,11.25,31.74,1.0,-1,-1,-1
537,1,282.46,225.40,24.91,67.50,1.0,-1,-1,-1
538,7,425.49,227.21,11.25,34.15,1.0,-1,-1,-1
538,1,282.46,225.20,24.91,67.90,1.0,-1,-1,-1
539,1,282.05,225.00,25.31,67.50,1.0,-1,-1,-1
540,1,281.65,225.40,25.31,67.10,1.0,-1,-1,-1
541,1,281.45,225.20,25.31,67.50,1.0,-1,-1,-1
542,7,426.29,223.79,12.86,35.36,1.0,-1,-1,-1
542,1,281.25,225.40,25.31,67.50,1.0,-1,-1,-1
543,7,426.29,224.40,13.66,35.36,1.0,-1,-1,-1
543,1,280.85,225.00,25.31,67.90,1.0,-1,-1,-1
544,7,427.90,227.21,12.05,31.74,1.0,-1,-1,-1
544,1,280.65,225.20,24.91,67.10,1.0,-1,-1,-1
545,7,428.71,227.81,12.86,30.54,1.0,-1,-1,-1
545,1,280.65,225.00,24.51,66.70,1.0,-1,-1,-1
546,7,428.71,227.01,14.46,32.14,1.0,-1,-1,-1
546,1,280.25,225.20,24.11,66.70,1.0,-1,-1,-1
547,7,429.11,226.81,14.46,32.95,1.0,-1,-1,-1
547,1,279.44,224.80,24.91,67.10,1.0,-1,-1,-1
548,7,429.91,227.21,13.66,31.74,1.0,-1,-1,-1
548,1,279.24,225.20,24.51,67.50,1.0,-1,-1,-1
549,7,431.52,227.81,12.86,32.14,1.0,-1,-1,-1
549,1,278.44,225.20,24.91,67.90,1.0,-1,-1,-1
550,7,431.52,228.01,13.66,31.74,1.0,-1,-1,-1
550,1,278.24,225.20,24.51,67.10,1.0,-1,-1,-1
551,7,432.72,227.81,12.05,32.14,1.0,-1,-1,-1
551,1,277.23,225.00,25.31,67.90,1.0,-1,-1,-1
552,7,433.12,229.42,12.86,32.14,1.0,-1,-1,-1
552,1,277.43,225.00,24.91,67.90,1.0,-1,-1,-1
553,7,434.33,228.01,12.05,32.54,1.0,-1,-1,-1
553,1,276.83,225.20,25.31,68.30,1.0,-1,-1,-1
554,7,435.13,227.41,12.05,33.35,1.0,-1,-1,-1
554,1,276.43,225.40,24.91,68.71,1.0,-1,-1,-1
555,7,435.13,227.21,13.66,35.76,1.0,-1,-1,-1
555,1,275.83,225.80,25.31,68.30,1.0,-1,-1,-1
556,7,436.34,227.61,12.05,34.15,1.0,-1,-1,-1
556,1,275.83,226.00,24.51,69.11,1.0,-1,-1,-1
557,1,275.83,226.41,24.51,68.71,1.0,-1,-1,-1
558,1,275.62,226.61,24.51,68.30,1.0,-1,-1,-1
559,1,275.42,226.61,24.51,68.30,1.0,-1,-1,-1
560,1,275.42,226.81,24.51,68.30,1.0,-1,-1,-1
561,1,275.42,226.81,24.51,67.90,1.0,-1,-1,-1
562,1,275.22,226.81,24.51,67.90,1.0,-1,-1,-1
563,1,275.02,226.61,24.51,68.30,1.0,-1,-1,-1
564,1,274.82,226.61,24.51,67.90,1.0,-1,-1,-1
565,7,439.96,228.21,15.27,34.15,1.0,-1,-1,-1
565,1,274.42,226.41,24.91,67.90,1.0,-1,-1,-1
566,7,439.96,228.82,18.48,35.36,1.0,-1,-1,-1
566,1,274.02,226.81,25.31,68.30,1.0,-1,-1,-1
567,7,442.37,229.22,13.66,34.96,1.0,-1,-1,-1
567,1,273.42,226.81,25.71,69.11,1.0,-1,-1,-1
568,7,443.57,229.82,11.25,31.34,1.0,-1,-1,-1
568,1,273.21,227.01,25.71,68.71,1.0,-1,-1,-1
569,7,443.97,229.62,13.66,35.36,1.0,-1,-1,-1
569,1,272.61,227.41,26.12,69.11,1.0,-1,-1,-1
570,7,443.57,229.82,14.46,36.56,1.0,-1,-1,-1
570,1,272.41,227.81,26.12,69.11,1.0,-1,-1,-1
571,7,444.78,229.82,16.07,36.56,1.0,-1,-1,-1
571,1,271.41,228.42,26.92,69.11,1.0,-1,-1,-1
572,7,445.98,230.62,12.86,34.96,1.0,-1,-1,-1
572,1,271.21,229.22,26.92,68.30,1.0,-1,-1,-1
573,7,446.38,230.22,14.46,36.16,1.0,-1,-1,-1
573,1,270.80,229.42,26.92,68.30,1.0,-1,-1,-1
574,7,446.38,229.82,15.27,36.16,1.0,-1,-1,-1
574,1,270.20,229.42,27.32,68.30,1.0,-1,-1,-1
575,7,446.38,229.62,15.27,36.96,1.0,-1,-1,-1
575,1,269.80,229.42,26.92,68.30,1.0,-1,-1,-1
576,7,447.19,229.82,14.46,34.96,1.0,-1,-1,-1
576,1,269.80,229.82,26.52,67.50,1.0,-1,-1,-1
577,7,447.59,229.82,14.46,33.75,1.0,-1,-1,-1
577,1,269.20,229.62,26.12,67.90,1.0,-1,-1,-1
578,7,448.79,229.02,14.46,35.36,1.0,-1,-1,-1
578,1,269.20,229.42,25.71,67.90,1.0,-1,-1,-1
579,7,450.00,229.22,14.46,35.76,1.0,-1,-1,-1
579,1,269.00,229.02,25.71,68.30,1.0,-1,-1,-1
580,7,450.80,229.02,14.46,37.77,1.0,-1,-1,-1
580,1,268.59,228.01,25.71,68.71,1.0,-1,-1,-1
581,7,452.01,229.42,13.66,36.96,1.0,-1,-1,-1
581,1,268.79,228.01,25.31,67.90,1.0,-1,-1,-1
582,7,452.81,229.42,13.66,37.37,1.0,-1,-1,-1
582,1,267.99,227.81,25.71,68.71,1.0,-1,-1,-1
583,7,454.42,230.22,12.86,35.76,1.0,-1,-1,-1
583,1,267.39,228.01,26.12,67.90,1.0,-1,-1,-1
584,7,454.82,230.62,12.86,36.16,1.0,-1,-1,-1
584,1,267.19,228.42,25.71,68.30,1.0,-1,-1,-1
585,7,456.03,230.42,16.07,40.58,1.0,-1,-1,-1
585,1,266.58,229.02,26.12,67.90,1.0,-1,-1,-1
586,7,456.03,230.02,16.88,40.98,1.0,-1,-1,-1
586,1,266.79,229.02,25.71,68.71,1.0,-1,-1,-1
587,1,266.99,230.02,25.31,67.90,1.0,-1,-1,-1
588,1,266.58,230.42,25.71,67.50,1.0,-1,-1,-1
589,1,266.58,230.83,25.31,67.10,1.0,-1,-1,-1
590,1,266.38,230.83,25.71,66.70,1.0,-1,-1,-1
591,1,266.58,230.83,25.31,67.10,1.0,-1,-1,-1
592,7,460.85,230.42,14.46,40.18,1.0,-1,-1,-1
592,1,266.18,230.62,25.71,67.10,1.0,-1,-1,-1
593,1,265.98,230.42,26.12,67.50,1.0,-1,-1,-1
594,1,265.38,229.42,26.12,68.71,1.0,-1,-1,-1
595,1,265.38,229.02,26.12,68.30,1.0,-1,-1,-1
596,1,265.18,228.82,26.12,67.90,1.0,-1,-1,-1
597,1,265.18,228.42,26.12,68.30,1.0,-1,-1,-1
598,1,264.98,228.42,26.12,67.90,1.0,-1,-1,-1
599,1,264.98,228.21,26.12,68.71,1.0,-1,-1,-1
600,1,264.98,228.01,26.12,68.71,1.0,-1,-1,-1
601,1,264.98,228.62,26.12,68.30,1.0,-1,-1,-1
602,1,265.18,228.82,25.71,68.30,1.0,-1,-1,-1
603,1,264.98,229.82,25.31,67.50,1.0,-1,-1,-1
604,1,265.18,230.02,24.51,67.10,1.0,-1,-1,-1
605,1,264.78,230.02,24.51,67.50,1.0,-1,-1,-1
606,1,263.97,230.22,24.91,67.90,1.0,-1,-1,-1
607,1,263.37,230.02,24.91,67.90,1.0,-1,-1,-1
608,1,262.97,229.82,24.91,67.90,1.0,-1,-1,-1
609,1,262.97,229.42,24.91,67.90,1.0,-1,-1,-1
610,1,262.37,229.22,25.31,67.90,1.0,-1,-1,-1
611,1,262.37,228.82,25.31,67.90,1.0,-1,-1,-1
