0,5,247.90,219.37,140.22,361.21,1.0,-1,-1,-1
0,4,354.37,197.68,132.59,405.40,1.0,-1,-1,-1
0,3,545.63,212.54,135.00,384.51,1.0,-1,-1,-1
0,2,923.30,206.52,184.82,395.76,1.0,-1,-1,-1
0,1,707.95,197.88,180.80,406.41,1.0,-1,-1,-1
1,5,246.29,213.75,130.58,366.43,1.0,-1,-1,-1
1,4,357.99,197.28,124.55,405.40,1.0,-1,-1,-1
1,3,545.22,210.54,130.18,386.92,1.0,-1,-1,-1
1,2,928.12,209.93,181.61,391.14,1.0,-1,-1,-1
1,1,714.78,194.87,173.17,409.42,1.0,-1,-1,-1
2,5,237.46,207.32,129.78,372.46,1.0,-1,-1,-1
2,4,357.39,197.88,123.15,404.80,1.0,-1,-1,-1
2,3,543.21,208.12,131.79,388.93,1.0,-1,-1,-1
2,2,938.57,208.53,171.96,392.14,1.0,-1,-1,-1
2,1,721.61,189.04,167.14,413.64,1.0,-1,-1,-1
3,5,215.56,197.38,139.42,383.20,1.0,-1,-1,-1
3,4,352.77,197.48,130.98,405.20,1.0,-1,-1,-1
3,3,542.41,205.51,135.80,392.34,1.0,-1,-1,-1
3,2,945.80,202.80,175.18,396.66,1.0,-1,-1,-1
3,1,721.61,179.60,173.57,422.28,1.0,-1,-1,-1
4,5,200.89,190.15,143.84,389.23,1.0,-1,-1,-1
4,4,348.35,194.06,138.21,409.42,1.0,-1,-1,-1
4,3,542.41,199.79,141.43,398.47,1.0,-1,-1,-1
4,2,947.41,193.46,180.00,405.20,1.0,-1,-1,-1
4,1,721.61,172.77,177.59,425.49,1.0,-1,-1,-1
5,5,183.72,184.62,152.18,394.75,1.0,-1,-1,-1
5,4,346.94,189.84,142.03,413.64,1.0,-1,-1,-1
5,3,542.01,193.86,148.66,404.00,1.0,-1,-1,-1
5,2,953.04,187.83,176.79,410.02,1.0,-1,-1,-1
5,1,723.62,168.55,179.60,428.50,1.0,-1,-1,-1
6,5,166.94,184.32,160.71,398.27,1.0,-1,-1,-1
6,4,344.53,189.04,142.43,413.64,1.0,-1,-1,-1
6,3,541.61,187.63,154.29,411.03,1.0,-1,-1,-1
6,2,961.87,186.23,168.75,410.02,1.0,-1,-1,-1
6,1,727.23,168.35,178.39,428.30,1.0,-1,-1,-1
7,5,153.98,183.82,165.84,405.20,1.0,-1,-1,-1
7,4,340.71,189.64,142.23,413.44,1.0,-1,-1,-1
7,3,540.00,185.02,162.32,412.83,1.0,-1,-1,-1
7,2,971.52,187.83,159.11,406.81,1.0,-1,-1,-1
7,1,731.25,170.96,175.98,426.90,1.0,-1,-1,-1
8,5,149.87,190.25,161.12,402.79,1.0,-1,-1,-1
8,4,336.29,192.66,143.04,411.63,1.0,-1,-1,-1
8,3,537.19,186.63,174.38,412.83,1.0,-1,-1,-1
8,2,977.14,191.25,157.50,404.60,1.0,-1,-1,-1
8,1,736.07,178.59,173.57,420.87,1.0,-1,-1,-1
9,5,143.64,198.28,159.11,402.79,1.0,-1,-1,-1
9,4,332.08,198.68,143.64,408.82,1.0,-1,-1,-1
9,3,531.96,190.65,189.64,413.64,1.0,-1,-1,-1
9,2,980.36,197.98,155.89,398.27,1.0,-1,-1,-1
9,1,741.70,186.83,171.96,413.44,1.0,-1,-1,-1
10,5,137.91,203.20,158.20,399.07,1.0,-1,-1,-1
10,4,330.07,200.09,141.63,410.22,1.0,-1,-1,-1
10,3,531.16,192.66,195.27,411.63,1.0,-1,-1,-1
10,2,983.57,201.50,159.11,393.95,1.0,-1,-1,-1
10,1,750.13,185.42,168.35,414.04,1.0,-1,-1,-1
11,5,134.80,204.41,156.29,397.47,1.0,-1,-1,-1
11,4,330.67,194.87,141.43,415.85,1.0,-1,-1,-1
11,3,537.59,188.64,186.43,414.84,1.0,-1,-1,-1
11,2,990.00,200.89,152.68,394.55,1.0,-1,-1,-1
11,1,756.16,181.21,159.11,418.26,1.0,-1,-1,-1
12,5,131.48,202.40,153.78,399.07,1.0,-1,-1,-1
12,4,329.46,191.85,143.84,418.06,1.0,-1,-1,-1
12,3,552.46,188.64,163.12,415.65,1.0,-1,-1,-1
12,2,995.62,200.69,152.68,394.75,1.0,-1,-1,-1
12,1,760.18,177.79,154.29,422.48,1.0,-1,-1,-1
13,5,126.96,195.87,151.07,406.00,1.0,-1,-1,-1
13,4,329.46,190.25,145.45,419.67,1.0,-1,-1,-1
13,3,566.12,190.85,135.80,414.24,1.0,-1,-1,-1
13,2,998.84,201.29,147.86,393.75,1.0,-1,-1,-1
13,1,763.79,177.39,150.67,421.27,1.0,-1,-1,-1
14,5,115.92,192.05,156.29,411.03,1.0,-1,-1,-1
14,4,329.06,193.86,148.66,416.85,1.0,-1,-1,-1
14,3,567.32,195.27,126.16,411.03,1.0,-1,-1,-1
14,2,997.23,204.31,152.68,390.33,1.0,-1,-1,-1
14,1,752.95,178.39,160.71,420.67,1.0,-1,-1,-1
15,5,106.07,188.64,161.92,414.04,1.0,-1,-1,-1
15,4,320.83,195.07,163.33,415.65,1.0,-1,-1,-1
15,3,555.67,194.26,141.43,411.63,1.0,-1,-1,-1
15,2,997.23,206.52,160.71,388.12,1.0,-1,-1,-1
15,1,744.51,180.00,182.01,419.87,1.0,-1,-1,-1
16,5,94.92,186.83,171.46,418.26,1.0,-1,-1,-1
16,4,315.60,192.86,177.79,418.26,1.0,-1,-1,-1
16,3,546.83,196.88,159.91,409.42,1.0,-1,-1,-1
16,2,993.21,208.53,175.18,386.92,1.0,-1,-1,-1
16,1,732.86,185.83,212.14,413.64,1.0,-1,-1,-1
17,5,74.13,190.04,190.04,415.04,1.0,-1,-1,-1
17,4,310.98,191.05,188.04,418.86,1.0,-1,-1,-1
17,3,535.98,202.10,188.04,404.60,1.0,-1,-1,-1
17,2,985.18,212.54,207.32,382.90,1.0,-1,-1,-1
17,1,727.63,189.84,236.65,408.82,1.0,-1,-1,-1
18,5,57.56,196.27,209.23,412.03,1.0,-1,-1,-1
18,4,291.70,192.66,211.74,418.86,1.0,-1,-1,-1
18,3,519.11,208.53,224.20,399.78,1.0,-1,-1,-1
18,2,977.95,220.38,234.64,375.87,1.0,-1,-1,-1
18,1,718.79,198.88,251.12,402.19,1.0,-1,-1,-1
19,5,8.84,209.33,261.76,400.18,1.0,-1,-1,-1
19,4,279.64,198.68,226.61,414.44,1.0,-1,-1,-1
19,3,503.44,214.75,239.46,392.75,1.0,-1,-1,-1
19,2,971.52,227.01,247.50,370.45,1.0,-1,-1,-1
19,1,699.51,206.12,263.17,395.36,1.0,-1,-1,-1
20,5,-8.44,212.14,280.25,396.56,1.0,-1,-1,-1
20,4,267.79,209.13,237.66,404.00,1.0,-1,-1,-1
20,3,503.04,213.75,248.30,393.75,1.0,-1,-1,-1
20,2,972.32,230.62,257.14,367.23,1.0,-1,-1,-1
20,1,709.55,207.32,250.71,394.96,1.0,-1,-1,-1
21,5,-9.44,207.12,280.85,401.18,1.0,-1,-1,-1
21,4,267.99,211.14,229.02,401.18,1.0,-1,-1,-1
21,3,511.47,206.12,222.59,400.58,1.0,-1,-1,-1
21,2,975.54,225.40,239.46,372.05,1.0,-1,-1,-1
21,1,706.74,200.89,247.10,402.19,1.0,-1,-1,-1
22,5,5.73,199.29,260.66,409.42,1.0,-1,-1,-1
22,4,282.05,203.10,208.93,408.42,1.0,-1,-1,-1
22,3,525.94,196.07,199.29,410.22,1.0,-1,-1,-1
22,2,980.36,218.57,225.00,378.48,1.0,-1,-1,-1
22,1,725.22,193.86,224.60,408.01,1.0,-1,-1,-1
23,5,36.26,190.85,223.29,417.46,1.0,-1,-1,-1
23,4,295.51,193.06,193.46,420.07,1.0,-1,-1,-1
23,3,540.80,193.86,173.57,412.83,1.0,-1,-1,-1
23,2,979.55,212.34,208.93,384.71,1.0,-1,-1,-1
23,1,734.06,188.24,208.53,415.25,1.0,-1,-1,-1
24,5,59.26,185.62,195.67,423.08,1.0,-1,-1,-1
24,4,308.97,188.24,170.76,427.30,1.0,-1,-1,-1
24,3,551.65,196.07,154.29,411.83,1.0,-1,-1,-1
24,2,985.18,210.13,186.43,386.92,1.0,-1,-1,-1
24,1,744.11,184.22,186.43,420.07,1.0,-1,-1,-1
25,5,58.01,184.02,193.71,423.88,1.0,-1,-1,-1
25,4,320.62,186.83,141.83,429.91,1.0,-1,-1,-1
25,3,551.25,199.49,148.66,408.82,1.0,-1,-1,-1
25,2,997.23,209.73,165.54,387.32,1.0,-1,-1,-1
25,1,755.76,184.82,162.72,418.26,1.0,-1,-1,-1
26,5,55.50,183.82,194.21,423.68,1.0,-1,-1,-1
26,4,316.81,188.64,139.22,426.90,1.0,-1,-1,-1
26,3,549.24,201.09,145.45,407.21,1.0,-1,-1,-1
26,2,997.23,208.53,155.89,389.33,1.0,-1,-1,-1
26,1,760.98,185.02,149.46,418.46,1.0,-1,-1,-1
27,5,55.70,187.83,193.81,418.86,1.0,-1,-1,-1
27,4,319.62,192.05,135.60,424.69,1.0,-1,-1,-1
27,3,547.23,203.30,152.68,405.40,1.0,-1,-1,-1
27,2,999.64,212.14,151.07,384.51,1.0,-1,-1,-1
27,1,765.80,186.63,141.43,417.66,1.0,-1,-1,-1
28,5,55.70,192.86,193.81,415.04,1.0,-1,-1,-1
28,4,315.00,194.46,139.42,421.47,1.0,-1,-1,-1
28,3,542.41,206.32,160.71,401.99,1.0,-1,-1,-1
28,2,999.64,219.37,152.68,377.68,1.0,-1,-1,-1
28,1,760.98,188.04,151.07,415.85,1.0,-1,-1,-1
29,5,66.75,202.90,184.37,407.81,1.0,-1,-1,-1
29,4,304.55,200.89,154.29,415.04,1.0,-1,-1,-1
29,3,542.41,210.13,167.95,398.57,1.0,-1,-1,-1
29,2,1008.48,225.80,146.25,374.46,1.0,-1,-1,-1
29,1,756.96,195.07,160.71,409.22,1.0,-1,-1,-1
30,5,68.81,212.14,183.52,398.57,1.0,-1,-1,-1
30,4,300.94,210.33,163.12,406.81,1.0,-1,-1,-1
30,3,542.41,213.75,168.75,394.96,1.0,-1,-1,-1
30,2,1007.68,232.23,151.07,368.84,1.0,-1,-1,-1
30,1,753.75,200.69,170.36,400.38,1.0,-1,-1,-1
31,5,68.76,214.55,182.76,395.36,1.0,-1,-1,-1
31,4,304.15,216.96,166.34,400.18,1.0,-1,-1,-1
31,3,542.41,209.73,171.96,399.78,1.0,-1,-1,-1
31,2,1007.68,232.43,152.68,368.64,1.0,-1,-1,-1
31,1,750.13,202.30,176.38,401.99,1.0,-1,-1,-1
32,5,68.91,209.53,182.41,400.38,1.0,-1,-1,-1
32,4,307.97,210.74,159.71,405.60,1.0,-1,-1,-1
32,3,544.02,200.49,169.55,408.62,1.0,-1,-1,-1
32,2,1008.48,227.41,151.07,373.66,1.0,-1,-1,-1
32,1,749.73,200.69,181.61,403.59,1.0,-1,-1,-1
33,5,68.45,202.70,181.26,408.01,1.0,-1,-1,-1
33,4,307.37,201.70,161.12,413.44,1.0,-1,-1,-1
33,3,551.25,192.46,161.52,416.65,1.0,-1,-1,-1
33,2,1008.48,221.38,149.46,378.08,1.0,-1,-1,-1
33,1,750.13,195.27,186.03,408.62,1.0,-1,-1,-1
34,5,64.69,193.26,183.42,417.46,1.0,-1,-1,-1
34,4,309.98,193.26,154.08,422.28,1.0,-1,-1,-1
34,3,562.50,188.24,148.66,423.28,1.0,-1,-1,-1
34,2,1008.48,215.76,146.25,382.10,1.0,-1,-1,-1
34,1,747.32,189.64,191.25,414.24,1.0,-1,-1,-1
35,5,61.27,188.24,189.84,422.48,1.0,-1,-1,-1
35,4,311.79,189.64,148.66,428.30,1.0,-1,-1,-1
35,3,564.11,190.25,143.04,421.27,1.0,-1,-1,-1
35,2,1008.48,212.14,147.86,388.53,1.0,-1,-1,-1
35,1,760.18,185.83,176.79,423.28,1.0,-1,-1,-1
36,5,58.81,186.43,196.72,424.69,1.0,-1,-1,-1
36,4,309.38,188.84,162.72,429.11,1.0,-1,-1,-1
36,3,562.50,193.06,147.86,418.46,1.0,-1,-1,-1
36,2,1007.68,209.73,149.46,390.13,1.0,-1,-1,-1
36,1,773.84,184.22,152.68,426.50,1.0,-1,-1,-1
37,5,58.46,186.03,201.09,423.88,1.0,-1,-1,-1
37,4,306.76,189.04,172.57,428.10,1.0,-1,-1,-1
37,3,560.89,194.26,156.70,417.25,1.0,-1,-1,-1
37,2,1006.87,209.73,154.29,390.13,1.0,-1,-1,-1
37,1,775.45,186.23,151.07,424.49,1.0,-1,-1,-1
38,5,60.62,188.24,203.35,421.67,1.0,-1,-1,-1
38,4,302.54,191.05,180.80,426.90,1.0,-1,-1,-1
38,3,546.43,196.47,196.07,415.04,1.0,-1,-1,-1
38,2,1007.68,213.15,162.32,386.32,1.0,-1,-1,-1
38,1,767.01,186.63,186.03,424.89,1.0,-1,-1,-1
39,5,60.87,192.66,208.73,418.86,1.0,-1,-1,-1
39,4,289.69,195.67,207.32,419.87,1.0,-1,-1,-1
39,3,523.93,200.89,235.45,410.22,1.0,-1,-1,-1
39,2,1007.68,219.37,170.36,378.48,1.0,-1,-1,-1
39,1,766.61,189.24,200.89,423.08,1.0,-1,-1,-1
40,5,36.86,198.68,244.39,412.03,1.0,-1,-1,-1
40,4,270.40,204.31,233.04,412.83,1.0,-1,-1,-1
40,3,511.07,205.51,276.43,407.61,1.0,-1,-1,-1
40,2,1010.89,226.61,180.00,373.66,1.0,-1,-1,-1
40,1,767.01,195.07,206.12,414.84,1.0,-1,-1,-1
41,5,7.33,208.33,278.74,403.19,1.0,-1,-1,-1
41,4,249.91,214.35,257.54,404.40,1.0,-1,-1,-1
41,3,505.45,209.93,283.66,404.00,1.0,-1,-1,-1
41,2,996.43,231.43,223.39,368.84,1.0,-1,-1,-1
41,1,691.88,204.11,284.46,407.01,1.0,-1,-1,-1
42,5,3.42,208.12,290.29,403.79,1.0,-1,-1,-1
42,4,245.09,216.36,255.94,403.19,1.0,-1,-1,-1
42,3,507.86,203.71,248.30,408.62,1.0,-1,-1,-1
42,2,990.80,235.45,242.68,365.62,1.0,-1,-1,-1
42,1,736.07,208.12,244.29,401.38,1.0,-1,-1,-1
43,5,23.10,202.90,272.61,409.42,1.0,-1,-1,-1
43,4,254.33,210.33,241.07,407.61,1.0,-1,-1,-1
43,3,526.74,196.47,220.98,416.65,1.0,-1,-1,-1
43,2,1001.25,232.83,229.82,368.24,1.0,-1,-1,-1
43,1,730.45,206.32,241.07,404.40,1.0,-1,-1,-1
44,5,53.04,193.86,234.24,417.66,1.0,-1,-1,-1
44,4,287.28,201.09,204.11,416.85,1.0,-1,-1,-1
44,3,546.83,190.45,188.84,421.47,1.0,-1,-1,-1
44,2,1002.05,225.20,200.89,375.07,1.0,-1,-1,-1
44,1,738.48,196.07,229.82,413.44,1.0,-1,-1,-1
45,5,70.41,187.23,212.44,424.69,1.0,-1,-1,-1
45,4,301.74,193.66,185.22,424.69,1.0,-1,-1,-1
45,3,568.12,188.24,161.52,426.50,1.0,-1,-1,-1
45,2,1006.07,218.57,186.43,381.70,1.0,-1,-1,-1
45,1,752.54,189.04,209.33,421.67,1.0,-1,-1,-1
46,5,65.59,181.21,208.43,426.70,1.0,-1,-1,-1
46,4,302.95,188.04,174.38,430.71,1.0,-1,-1,-1
46,3,585.00,189.84,134.20,426.50,1.0,-1,-1,-1
46,2,1008.48,210.54,181.61,391.34,1.0,-1,-1,-1
46,1,775.45,183.01,173.57,426.90,1.0,-1,-1,-1
47,5,61.52,179.40,205.46,428.91,1.0,-1,-1,-1
47,4,303.35,187.03,167.95,431.72,1.0,-1,-1,-1
47,3,585.80,190.45,126.96,427.50,1.0,-1,-1,-1
47,2,1011.70,210.13,173.57,392.14,1.0,-1,-1,-1
47,1,789.51,181.21,142.63,429.11,1.0,-1,-1,-1
48,5,67.50,180.20,191.85,428.10,1.0,-1,-1,-1
48,4,305.16,187.03,163.33,431.72,1.0,-1,-1,-1
48,3,582.59,191.25,130.18,427.50,1.0,-1,-1,-1
48,2,1022.95,210.94,155.89,389.73,1.0,-1,-1,-1
48,1,791.52,182.41,125.36,434.73,1.0,-1,-1,-1
49,5,74.33,184.62,182.41,422.88,1.0,-1,-1,-1
49,4,306.16,191.85,161.92,426.90,1.0,-1,-1,-1
49,3,578.97,195.67,134.20,421.47,1.0,-1,-1,-1
49,2,1027.77,212.14,146.25,389.33,1.0,-1,-1,-1
49,1,791.12,186.83,122.54,429.11,1.0,-1,-1,-1
50,5,78.90,189.84,180.85,419.26,1.0,-1,-1,-1
50,4,309.78,198.68,162.72,422.48,1.0,-1,-1,-1
50,3,576.96,201.29,137.41,416.65,1.0,-1,-1,-1
50,2,1028.57,212.54,144.64,388.53,1.0,-1,-1,-1
50,1,791.12,193.66,128.17,422.28,1.0,-1,-1,-1
51,5,87.74,197.88,176.03,412.83,1.0,-1,-1,-1
51,4,309.58,207.92,164.53,412.43,1.0,-1,-1,-1
51,3,579.38,205.92,135.80,412.03,1.0,-1,-1,-1
51,2,1030.18,217.97,141.43,387.12,1.0,-1,-1,-1
51,1,795.54,199.49,130.18,416.85,1.0,-1,-1,-1
52,5,90.65,205.11,173.52,406.41,1.0,-1,-1,-1
52,4,308.97,212.75,166.74,405.20,1.0,-1,-1,-1
52,3,578.97,204.71,135.80,413.24,1.0,-1,-1,-1
52,2,1031.79,217.37,138.21,386.92,1.0,-1,-1,-1
52,1,795.54,193.26,138.21,422.28,1.0,-1,-1,-1
53,5,92.16,206.12,170.61,405.40,1.0,-1,-1,-1
53,4,309.17,207.92,166.94,410.02,1.0,-1,-1,-1
53,3,580.18,201.29,135.00,413.44,1.0,-1,-1,-1
53,2,1033.39,213.75,133.39,389.33,1.0,-1,-1,-1
53,1,794.33,183.62,145.04,427.50,1.0,-1,-1,-1
54,5,94.57,199.49,178.24,411.23,1.0,-1,-1,-1
54,4,314.40,198.08,160.51,418.26,1.0,-1,-1,-1
54,3,578.57,190.45,135.80,423.08,1.0,-1,-1,-1
54,2,1036.61,208.73,130.18,393.95,1.0,-1,-1,-1
54,1,793.93,173.77,146.25,434.53,1.0,-1,-1,-1
55,5,95.22,191.45,189.24,418.46,1.0,-1,-1,-1
55,4,318.01,187.43,155.29,425.69,1.0,-1,-1,-1
55,3,576.56,182.61,137.41,431.32,1.0,-1,-1,-1
55,2,1037.41,203.81,130.18,398.47,1.0,-1,-1,-1
55,1,789.51,168.75,149.06,437.54,1.0,-1,-1,-1
56,5,93.31,183.42,195.17,426.50,1.0,-1,-1,-1
56,4,311.79,179.00,171.56,432.52,1.0,-1,-1,-1
56,3,573.35,174.17,141.43,438.95,1.0,-1,-1,-1
56,2,1035.00,200.09,125.36,402.19,1.0,-1,-1,-1
56,1,783.48,162.72,152.68,441.96,1.0,-1,-1,-1
57,5,85.98,176.79,202.30,434.73,1.0,-1,-1,-1
57,4,317.01,173.77,173.97,440.16,1.0,-1,-1,-1
57,3,573.75,177.19,143.04,436.74,1.0,-1,-1,-1
57,2,1030.98,200.49,135.00,402.99,1.0,-1,-1,-1
57,1,779.06,159.91,156.29,443.57,1.0,-1,-1,-1
58,5,82.06,174.17,202.00,436.54,1.0,-1,-1,-1
58,4,328.66,172.77,169.55,441.96,1.0,-1,-1,-1
58,3,573.35,178.79,149.46,436.74,1.0,-1,-1,-1
58,2,1024.55,202.90,151.07,400.58,1.0,-1,-1,-1
58,1,772.23,174.38,175.18,429.91,1.0,-1,-1,-1
59,5,85.28,173.57,194.36,437.54,1.0,-1,-1,-1
59,4,330.87,178.19,169.75,436.54,1.0,-1,-1,-1
59,3,562.50,183.21,178.39,429.91,1.0,-1,-1,-1
59,2,1010.89,206.12,178.39,398.57,1.0,-1,-1,-1
59,1,768.21,181.00,197.68,422.48,1.0,-1,-1,-1
60,5,87.49,177.79,186.93,431.32,1.0,-1,-1,-1
60,4,331.47,184.62,167.95,427.70,1.0,-1,-1,-1
60,3,548.44,189.84,213.75,424.08,1.0,-1,-1,-1
60,2,985.18,212.95,247.50,390.13,1.0,-1,-1,-1
60,1,768.21,190.65,216.96,413.64,1.0,-1,-1,-1
61,5,91.21,186.63,183.42,425.69,1.0,-1,-1,-1
61,4,330.87,194.46,168.95,422.28,1.0,-1,-1,-1
61,3,525.94,198.68,251.52,416.85,1.0,-1,-1,-1
61,2,973.12,221.38,236.25,382.50,1.0,-1,-1,-1
61,1,775.04,194.26,214.96,410.02,1.0,-1,-1,-1
62,5,91.00,195.07,185.62,422.08,1.0,-1,-1,-1
62,4,328.66,202.50,167.95,417.46,1.0,-1,-1,-1
62,3,511.87,206.52,268.39,408.62,1.0,-1,-1,-1
62,2,974.73,226.61,300.54,377.68,1.0,-1,-1,-1
62,1,781.47,203.50,206.12,404.00,1.0,-1,-1,-1
63,5,88.64,202.50,186.38,413.44,1.0,-1,-1,-1
63,4,325.85,209.13,169.55,412.03,1.0,-1,-1,-1
63,3,514.69,205.51,266.79,409.22,1.0,-1,-1,-1
63,2,983.57,229.22,233.04,375.07,1.0,-1,-1,-1
63,1,776.25,205.71,213.75,402.19,1.0,-1,-1,-1
64,5,81.26,200.09,195.57,415.85,1.0,-1,-1,-1
64,4,324.84,207.92,171.76,413.24,1.0,-1,-1,-1
64,3,526.34,197.68,245.89,418.26,1.0,-1,-1,-1
64,2,985.98,225.00,289.29,379.29,1.0,-1,-1,-1
64,1,775.04,205.31,216.56,402.19,1.0,-1,-1,-1
65,5,79.40,191.85,193.81,423.68,1.0,-1,-1,-1
65,4,323.64,199.08,173.37,421.27,1.0,-1,-1,-1
65,3,549.24,189.44,206.52,426.90,1.0,-1,-1,-1
65,2,995.62,216.96,245.89,387.72,1.0,-1,-1,-1
65,1,767.41,200.29,226.61,408.01,1.0,-1,-1,-1
66,5,75.44,186.03,190.15,431.52,1.0,-1,-1,-1
66,4,322.23,190.45,178.39,429.91,1.0,-1,-1,-1
66,3,555.67,178.19,179.20,442.17,1.0,-1,-1,-1
66,2,1004.46,210.13,205.71,394.55,1.0,-1,-1,-1
66,1,761.38,196.07,233.44,414.24,1.0,-1,-1,-1
67,5,62.48,181.81,191.85,434.53,1.0,-1,-1,-1
67,4,320.02,185.22,184.62,436.74,1.0,-1,-1,-1
67,3,560.09,178.19,155.89,442.17,1.0,-1,-1,-1
67,2,1017.32,205.71,189.64,400.58,1.0,-1,-1,-1
67,1,764.60,193.46,214.15,421.27,1.0,-1,-1,-1
68,5,57.05,182.21,191.85,437.34,1.0,-1,-1,-1
68,4,317.41,184.82,191.25,434.73,1.0,-1,-1,-1
68,3,568.53,179.80,141.43,440.56,1.0,-1,-1,-1
68,2,1026.16,204.11,162.32,403.79,1.0,-1,-1,-1
68,1,772.63,192.66,204.51,421.27,1.0,-1,-1,-1
69,5,58.41,182.61,184.67,439.35,1.0,-1,-1,-1
69,4,315.60,186.43,197.88,432.32,1.0,-1,-1,-1
69,3,569.73,183.42,149.46,436.14,1.0,-1,-1,-1
69,2,1030.18,203.50,152.68,407.21,1.0,-1,-1,-1
69,1,772.23,194.06,207.32,419.06,1.0,-1,-1,-1
70,5,58.61,186.03,177.24,433.93,1.0,-1,-1,-1
70,4,312.99,189.44,209.73,428.50,1.0,-1,-1,-1
70,3,565.71,180.80,164.73,437.54,1.0,-1,-1,-1
70,2,1030.18,202.70,159.11,407.21,1.0,-1,-1,-1
70,1,772.23,195.07,205.71,418.06,1.0,-1,-1,-1
71,5,57.25,187.83,174.58,432.52,1.0,-1,-1,-1
71,4,310.18,195.47,219.37,424.89,1.0,-1,-1,-1
71,3,564.91,198.08,170.36,420.67,1.0,-1,-1,-1
71,2,1025.36,206.52,168.75,402.19,1.0,-1,-1,-1
71,1,778.26,197.28,198.88,416.65,1.0,-1,-1,-1
72,5,56.45,190.45,173.37,431.52,1.0,-1,-1,-1
72,4,311.79,201.90,222.59,416.85,1.0,-1,-1,-1
72,3,561.70,204.71,175.18,414.84,1.0,-1,-1,-1
72,2,1018.12,212.95,176.79,395.76,1.0,-1,-1,-1
72,1,791.12,200.29,186.03,416.85,1.0,-1,-1,-1
73,5,53.99,195.47,171.81,428.10,1.0,-1,-1,-1
73,4,317.41,208.73,220.18,410.02,1.0,-1,-1,-1
73,3,558.88,204.71,177.59,414.84,1.0,-1,-1,-1
73,2,1014.91,217.37,180.00,390.54,1.0,-1,-1,-1
73,1,793.93,204.71,181.61,413.24,1.0,-1,-1,-1
74,5,56.20,202.70,164.58,422.48,1.0,-1,-1,-1
74,4,329.46,211.94,206.52,407.61,1.0,-1,-1,-1
74,3,558.48,197.48,176.79,422.08,1.0,-1,-1,-1
74,2,1013.30,214.96,181.61,393.75,1.0,-1,-1,-1
74,1,790.71,205.51,184.82,410.83,1.0,-1,-1,-1
75,5,58.76,201.90,161.02,422.48,1.0,-1,-1,-1
75,4,331.88,207.12,200.09,411.63,1.0,-1,-1,-1
75,3,557.68,187.83,163.12,434.13,1.0,-1,-1,-1
75,2,1014.91,209.33,180.00,399.37,1.0,-1,-1,-1
75,1,779.46,202.10,197.68,414.24,1.0,-1,-1,-1
76,5,58.06,196.47,158.30,428.30,1.0,-1,-1,-1
76,4,325.45,199.08,206.52,419.67,1.0,-1,-1,-1
76,3,550.04,178.39,161.52,443.57,1.0,-1,-1,-1
76,2,1019.73,204.31,175.18,404.80,1.0,-1,-1,-1
76,1,770.62,197.48,207.32,419.67,1.0,-1,-1,-1
77,5,53.59,188.84,161.17,434.73,1.0,-1,-1,-1
77,4,296.12,191.45,231.43,429.71,1.0,-1,-1,-1
77,3,537.99,176.99,171.96,445.78,1.0,-1,-1,-1
77,2,1022.95,202.90,167.14,407.81,1.0,-1,-1,-1
77,1,765.40,193.26,197.28,426.70,1.0,-1,-1,-1
78,5,49.77,185.42,163.78,436.54,1.0,-1,-1,-1
78,4,270.80,189.44,221.38,433.33,1.0,-1,-1,-1
78,3,525.54,177.99,189.64,444.37,1.0,-1,-1,-1
78,2,1025.36,203.10,154.29,409.22,1.0,-1,-1,-1
78,1,768.21,191.25,189.64,426.70,1.0,-1,-1,-1
79,5,45.00,182.81,167.34,439.15,1.0,-1,-1,-1
79,4,284.87,189.84,208.93,432.12,1.0,-1,-1,-1
79,3,518.71,180.00,204.91,440.76,1.0,-1,-1,-1
79,2,1026.16,203.10,155.89,410.02,1.0,-1,-1,-1
79,1,779.46,185.42,162.32,437.34,1.0,-1,-1,-1
80,5,41.43,181.61,170.71,440.76,1.0,-1,-1,-1
80,4,302.54,191.05,192.46,430.11,1.0,-1,-1,-1
80,3,518.71,185.62,215.36,433.12,1.0,-1,-1,-1
80,2,1023.75,205.31,160.71,407.81,1.0,-1,-1,-1
80,1,770.62,193.86,171.96,426.50,1.0,-1,-1,-1
81,5,35.41,180.00,178.74,442.77,1.0,-1,-1,-1
81,4,305.36,193.46,191.65,428.50,1.0,-1,-1,-1
81,3,521.12,179.60,216.96,440.76,1.0,-1,-1,-1
81,2,1018.93,207.72,170.36,406.21,1.0,-1,-1,-1
81,1,759.78,195.47,179.60,427.30,1.0,-1,-1,-1
82,5,29.58,183.82,185.98,438.15,1.0,-1,-1,-1
82,4,306.56,199.29,196.07,421.47,1.0,-1,-1,-1
82,3,530.36,151.67,216.96,469.49,1.0,-1,-1,-1
82,2,1012.50,212.75,196.07,400.38,1.0,-1,-1,-1
82,1,761.79,197.48,173.57,421.27,1.0,-1,-1,-1
83,5,28.88,188.24,184.27,433.73,1.0,-1,-1,-1
83,4,309.78,207.52,196.47,411.23,1.0,-1,-1,-1
83,3,535.18,145.65,220.18,475.51,1.0,-1,-1,-1
83,2,993.21,212.34,255.54,401.58,1.0,-1,-1,-1
83,1,771.43,199.69,163.93,423.08,1.0,-1,-1,-1
84,5,36.66,194.06,173.47,428.30,1.0,-1,-1,-1
84,4,317.81,211.54,191.25,408.01,1.0,-1,-1,-1
84,3,532.37,176.18,215.36,446.58,1.0,-1,-1,-1
84,2,993.21,212.75,265.18,400.38,1.0,-1,-1,-1
84,1,774.64,203.10,159.11,419.67,1.0,-1,-1,-1
85,5,47.81,196.07,160.11,426.70,1.0,-1,-1,-1
85,4,327.86,212.34,175.18,408.82,1.0,-1,-1,-1
85,3,521.52,183.01,220.18,436.54,1.0,-1,-1,-1
85,2,990.80,211.14,231.43,402.79,1.0,-1,-1,-1
85,1,770.62,201.50,162.32,419.67,1.0,-1,-1,-1
86,5,53.59,194.06,159.96,430.71,1.0,-1,-1,-1
86,4,327.86,209.13,164.33,410.42,1.0,-1,-1,-1
86,3,516.29,177.39,216.96,438.15,1.0,-1,-1,-1
86,2,992.41,207.72,199.29,405.40,1.0,-1,-1,-1
86,1,765.80,197.48,165.54,423.68,1.0,-1,-1,-1
87,5,53.19,188.04,161.57,436.74,1.0,-1,-1,-1
87,4,321.63,208.33,163.73,409.62,1.0,-1,-1,-1
87,3,517.50,174.98,203.30,444.58,1.0,-1,-1,-1
87,2,993.21,207.92,196.07,405.20,1.0,-1,-1,-1
87,1,765.40,194.46,161.12,425.49,1.0,-1,-1,-1
88,5,56.15,184.22,158.00,439.35,1.0,-1,-1,-1
88,4,324.24,202.70,170.36,417.66,1.0,-1,-1,-1
88,3,526.34,175.18,178.39,443.57,1.0,-1,-1,-1
88,2,995.62,207.32,192.86,404.60,1.0,-1,-1,-1
88,1,775.85,191.05,149.06,428.50,1.0,-1,-1,-1
89,5,56.90,180.40,156.65,442.77,1.0,-1,-1,-1
89,4,332.28,198.88,163.93,422.28,1.0,-1,-1,-1
89,3,533.57,176.99,159.91,441.76,1.0,-1,-1,-1
89,2,999.64,209.73,191.25,399.78,1.0,-1,-1,-1
89,1,781.88,188.44,144.64,429.91,1.0,-1,-1,-1
90,5,46.00,176.79,169.96,439.15,1.0,-1,-1,-1
90,4,343.33,199.69,154.08,413.44,1.0,-1,-1,-1
90,3,536.79,177.79,156.70,441.76,1.0,-1,-1,-1
90,2,997.23,212.75,210.54,394.75,1.0,-1,-1,-1
90,1,771.43,185.62,154.29,433.93,1.0,-1,-1,-1
91,5,30.33,179.00,189.64,435.74,1.0,-1,-1,-1
91,4,344.73,200.49,148.66,415.85,1.0,-1,-1,-1
91,3,539.20,177.99,167.95,444.37,1.0,-1,-1,-1
91,2,996.43,216.96,228.21,388.93,1.0,-1,-1,-1
91,1,771.03,184.82,152.28,438.35,1.0,-1,-1,-1
92,5,23.20,184.22,207.02,431.32,1.0,-1,-1,-1
92,4,344.33,203.91,143.04,422.08,1.0,-1,-1,-1
92,3,540.80,180.40,191.25,442.77,1.0,-1,-1,-1
92,2,992.41,218.97,239.46,388.93,1.0,-1,-1,-1
92,1,781.47,186.03,137.81,441.96,1.0,-1,-1,-1
93,5,20.89,192.46,223.39,430.71,1.0,-1,-1,-1
93,4,342.12,205.51,140.02,424.49,1.0,-1,-1,-1
93,3,540.40,186.43,201.70,437.54,1.0,-1,-1,-1
93,2,983.57,219.17,302.14,385.11,1.0,-1,-1,-1
93,1,782.68,188.24,141.43,441.76,1.0,-1,-1,-1
94,5,24.41,196.88,225.10,426.70,1.0,-1,-1,-1
94,4,342.32,205.51,135.40,424.49,1.0,-1,-1,-1
94,3,541.21,190.04,200.09,435.94,1.0,-1,-1,-1
94,2,977.14,214.15,308.57,389.33,1.0,-1,-1,-1
94,1,784.29,190.45,147.86,440.76,1.0,-1,-1,-1
95,5,32.04,187.03,219.07,437.34,1.0,-1,-1,-1
95,4,342.32,200.49,135.40,429.11,1.0,-1,-1,-1
95,3,541.21,187.03,188.04,435.74,1.0,-1,-1,-1
95,2,981.16,209.13,298.93,392.75,1.0,-1,-1,-1
95,1,784.29,189.44,141.43,439.75,1.0,-1,-1,-1
96,5,43.34,173.17,203.76,449.60,1.0,-1,-1,-1
96,4,337.30,192.46,144.04,434.73,1.0,-1,-1,-1
96,3,545.62,176.79,168.75,438.35,1.0,-1,-1,-1
96,2,980.36,197.88,257.14,405.60,1.0,-1,-1,-1
96,1,783.48,186.63,131.79,440.16,1.0,-1,-1,-1
97,5,54.29,156.90,188.39,461.05,1.0,-1,-1,-1
97,4,332.68,183.01,158.30,438.95,1.0,-1,-1,-1
97,3,551.25,163.93,152.68,451.21,1.0,-1,-1,-1
97,2,976.34,187.43,228.21,416.85,1.0,-1,-1,-1
97,1,785.49,181.41,134.60,442.17,1.0,-1,-1,-1
98,5,57.91,145.25,178.34,470.29,1.0,-1,-1,-1
98,4,322.63,175.58,180.00,443.57,1.0,-1,-1,-1
98,3,556.47,154.89,147.05,453.42,1.0,-1,-1,-1
98,2,976.34,178.59,197.68,424.08,1.0,-1,-1,-1
98,1,785.49,176.58,145.85,435.74,1.0,-1,-1,-1
99,5,53.74,141.23,187.73,472.70,1.0,-1,-1,-1
99,4,314.60,170.96,199.29,443.77,1.0,-1,-1,-1
99,3,563.30,149.67,142.23,436.94,1.0,-1,-1,-1
99,2,974.73,176.38,173.57,423.08,1.0,-1,-1,-1
99,1,781.47,174.17,164.33,429.31,1.0,-1,-1,-1
100,5,47.81,140.22,209.53,475.71,1.0,-1,-1,-1
100,4,307.37,172.37,213.75,442.77,1.0,-1,-1,-1
100,3,570.13,149.46,142.23,446.79,1.0,-1,-1,-1
100,2,976.34,177.99,163.93,411.83,1.0,-1,-1,-1
100,1,777.86,173.77,178.39,426.50,1.0,-1,-1,-1
101,5,51.93,146.65,216.86,471.29,1.0,-1,-1,-1
101,4,307.37,176.79,212.95,438.35,1.0,-1,-1,-1
101,3,573.75,156.09,154.29,457.83,1.0,-1,-1,-1
101,2,979.55,183.42,165.54,416.05,1.0,-1,-1,-1
101,1,772.23,175.98,184.82,428.30,1.0,-1,-1,-1
102,5,61.17,157.30,209.63,460.65,1.0,-1,-1,-1
102,4,309.38,185.62,205.71,428.30,1.0,-1,-1,-1
102,3,570.54,168.95,167.14,451.41,1.0,-1,-1,-1
102,2,985.18,194.06,163.93,408.62,1.0,-1,-1,-1
102,1,768.62,180.60,184.42,435.74,1.0,-1,-1,-1
103,5,62.58,170.76,201.40,445.98,1.0,-1,-1,-1
103,4,306.16,196.67,197.68,418.06,1.0,-1,-1,-1
103,3,561.29,184.02,182.41,434.73,1.0,-1,-1,-1
103,2,989.20,209.13,162.32,392.75,1.0,-1,-1,-1
103,1,765.80,186.63,178.39,437.75,1.0,-1,-1,-1
104,5,47.81,187.63,208.73,434.73,1.0,-1,-1,-1
104,4,294.91,207.52,195.67,408.82,1.0,-1,-1,-1
104,3,540.40,197.88,212.14,421.67,1.0,-1,-1,-1
104,2,987.59,220.18,163.93,382.50,1.0,-1,-1,-1
104,1,767.01,194.06,163.53,434.73,1.0,-1,-1,-1
105,5,21.50,204.11,227.81,434.73,1.0,-1,-1,-1
105,4,274.42,216.16,212.14,399.38,1.0,-1,-1,-1
105,3,516.29,210.74,239.46,408.82,1.0,-1,-1,-1
105,2,971.52,229.02,178.39,373.66,1.0,-1,-1,-1
105,1,760.58,199.69,158.71,430.71,1.0,-1,-1,-1
106,5,12.46,211.74,233.64,430.71,1.0,-1,-1,-1
106,4,277.63,218.57,212.95,400.18,1.0,-1,-1,-1
106,3,508.66,213.55,245.09,405.20,1.0,-1,-1,-1
106,2,981.96,234.24,173.57,388.12,1.0,-1,-1,-1
106,1,755.76,199.69,163.53,430.71,1.0,-1,-1,-1
107,5,11.35,217.17,226.91,425.69,1.0,-1,-1,-1
107,4,282.86,218.17,206.92,400.18,1.0,-1,-1,-1
107,3,522.72,213.15,228.21,412.03,1.0,-1,-1,-1
107,2,1014.11,238.46,139.82,386.72,1.0,-1,-1,-1
107,1,749.33,198.08,168.35,431.52,1.0,-1,-1,-1
108,5,10.85,217.57,232.43,423.68,1.0,-1,-1,-1
108,4,291.29,215.96,197.28,400.38,1.0,-1,-1,-1
108,3,543.62,210.74,202.50,420.87,1.0,-1,-1,-1
108,2,1014.91,237.46,141.43,388.12,1.0,-1,-1,-1
108,1,755.36,196.88,162.32,431.52,1.0,-1,-1,-1
109,5,13.46,213.35,232.43,428.30,1.0,-1,-1,-1
109,4,306.56,213.55,184.82,402.79,1.0,-1,-1,-1
109,3,552.46,206.32,188.84,421.27,1.0,-1,-1,-1
109,2,1011.70,233.84,186.43,394.55,1.0,-1,-1,-1
109,1,752.54,193.26,167.54,432.32,1.0,-1,-1,-1
110,5,15.17,206.92,229.92,434.73,1.0,-1,-1,-1
110,4,315.80,207.52,175.18,408.82,1.0,-1,-1,-1
110,3,561.70,201.50,176.79,424.49,1.0,-1,-1,-1
110,2,1012.50,228.62,228.21,397.77,1.0,-1,-1,-1
110,1,751.34,191.05,170.36,432.52,1.0,-1,-1,-1
111,5,19.59,198.08,223.49,443.57,1.0,-1,-1,-1
111,4,325.45,202.90,166.34,413.44,1.0,-1,-1,-1
111,3,566.12,196.07,170.36,429.11,1.0,-1,-1,-1
111,2,1014.11,220.78,247.50,403.59,1.0,-1,-1,-1
111,1,752.14,189.44,170.36,431.72,1.0,-1,-1,-1
112,5,23.20,192.86,219.07,446.79,1.0,-1,-1,-1
112,4,334.08,196.67,157.30,418.86,1.0,-1,-1,-1
112,3,560.49,187.43,175.98,433.73,1.0,-1,-1,-1
112,2,1014.11,215.96,237.86,405.20,1.0,-1,-1,-1
112,1,754.15,188.04,169.96,431.52,1.0,-1,-1,-1
113,5,31.54,182.81,210.74,452.41,1.0,-1,-1,-1
113,4,337.30,191.85,152.88,423.68,1.0,-1,-1,-1
113,3,557.28,181.61,180.00,438.35,1.0,-1,-1,-1
113,2,1015.71,208.73,218.57,413.24,1.0,-1,-1,-1
113,1,753.75,188.24,171.96,427.30,1.0,-1,-1,-1
114,5,39.38,175.58,201.90,457.63,1.0,-1,-1,-1
114,4,339.71,186.43,155.29,429.11,1.0,-1,-1,-1
114,3,556.47,175.58,182.41,443.57,1.0,-1,-1,-1
114,2,1014.91,203.10,200.89,416.45,1.0,-1,-1,-1
114,1,754.55,187.23,171.96,425.49,1.0,-1,-1,-1
115,5,42.49,169.75,199.39,459.44,1.0,-1,-1,-1
115,4,345.13,183.82,150.27,431.72,1.0,-1,-1,-1
115,3,554.06,172.17,187.23,446.58,1.0,-1,-1,-1
115,2,1016.52,198.08,167.14,418.26,1.0,-1,-1,-1
115,1,756.56,186.43,169.15,423.08,1.0,-1,-1,-1
116,5,28.83,165.74,221.08,460.25,1.0,-1,-1,-1
116,4,348.75,183.21,147.05,432.32,1.0,-1,-1,-1
116,3,557.68,170.96,188.04,447.79,1.0,-1,-1,-1
116,2,1016.52,195.27,151.07,418.26,1.0,-1,-1,-1
116,1,758.97,185.83,167.54,421.67,1.0,-1,-1,-1
117,5,14.67,163.33,239.26,461.05,1.0,-1,-1,-1
117,4,346.14,182.41,147.66,433.12,1.0,-1,-1,-1
117,3,563.30,171.76,187.23,446.99,1.0,-1,-1,-1
117,2,1015.71,192.66,147.86,417.25,1.0,-1,-1,-1
117,1,760.98,184.22,165.54,421.67,1.0,-1,-1,-1
118,5,84.58,165.13,155.09,458.44,1.0,-1,-1,-1
118,4,343.73,182.41,152.08,433.12,1.0,-1,-1,-1
118,3,565.71,171.56,191.25,447.99,1.0,-1,-1,-1
118,2,1018.12,192.25,135.00,418.46,1.0,-1,-1,-1
118,1,764.20,184.42,162.32,421.47,1.0,-1,-1,-1
119,5,87.24,169.75,158.66,453.01,1.0,-1,-1,-1
119,4,340.31,181.41,158.30,434.13,1.0,-1,-1,-1
119,3,551.25,172.17,208.93,446.58,1.0,-1,-1,-1
119,2,1022.14,191.45,147.86,420.07,1.0,-1,-1,-1
119,1,760.18,182.21,170.36,423.68,1.0,-1,-1,-1
120,5,77.90,176.18,174.83,445.78,1.0,-1,-1,-1
120,4,330.67,181.41,167.95,434.13,1.0,-1,-1,-1
120,3,542.81,175.18,224.20,442.77,1.0,-1,-1,-1
120,2,1026.16,194.06,146.25,417.46,1.0,-1,-1,-1
120,1,756.96,180.80,180.00,424.69,1.0,-1,-1,-1
121,5,61.07,179.60,199.08,442.77,1.0,-1,-1,-1
121,4,318.21,184.42,183.21,431.52,1.0,-1,-1,-1
121,3,532.77,178.19,241.07,439.75,1.0,-1,-1,-1
121,2,1025.36,197.88,133.39,413.64,1.0,-1,-1,-1
121,1,752.95,180.60,197.68,424.49,1.0,-1,-1,-1
122,5,41.89,184.02,226.51,438.35,1.0,-1,-1,-1
122,4,306.56,188.24,203.30,427.30,1.0,-1,-1,-1
122,3,531.16,180.80,245.09,438.35,1.0,-1,-1,-1
122,2,1020.54,199.49,130.18,412.83,1.0,-1,-1,-1
122,1,748.53,180.00,214.15,425.49,1.0,-1,-1,-1
123,5,24.81,186.83,251.22,434.73,1.0,-1,-1,-1
123,4,300.94,191.45,212.54,424.08,1.0,-1,-1,-1
123,3,531.96,179.00,243.48,440.56,1.0,-1,-1,-1
123,2,1018.93,199.69,136.61,412.63,1.0,-1,-1,-1
123,1,743.71,180.80,225.40,424.69,1.0,-1,-1,-1
124,5,16.07,189.04,266.38,433.73,1.0,-1,-1,-1
124,4,299.13,193.86,214.35,420.87,1.0,-1,-1,-1
124,3,532.77,177.99,238.66,441.96,1.0,-1,-1,-1
124,2,1018.12,198.48,154.29,413.44,1.0,-1,-1,-1
124,1,719.60,178.79,254.33,426.70,1.0,-1,-1,-1
125,5,21.40,189.64,265.88,433.12,1.0,-1,-1,-1
125,4,300.54,194.87,209.73,419.06,1.0,-1,-1,-1
125,3,537.99,179.80,229.82,437.34,1.0,-1,-1,-1
125,2,1003.66,197.28,184.82,414.24,1.0,-1,-1,-1
125,1,709.96,178.19,268.79,428.50,1.0,-1,-1,-1
126,5,29.93,189.04,254.13,433.73,1.0,-1,-1,-1
126,4,301.34,198.08,204.51,416.65,1.0,-1,-1,-1
126,3,539.20,181.00,229.82,436.14,1.0,-1,-1,-1
126,2,990.80,195.47,215.36,416.85,1.0,-1,-1,-1
126,1,712.77,180.20,268.39,424.89,1.0,-1,-1,-1
127,5,38.57,190.04,245.49,433.12,1.0,-1,-1,-1
127,4,308.57,200.89,189.24,414.24,1.0,-1,-1,-1
127,3,538.79,178.79,233.84,439.96,1.0,-1,-1,-1
127,2,981.16,192.46,229.82,415.85,1.0,-1,-1,-1
127,1,740.49,178.39,244.69,428.30,1.0,-1,-1,-1
128,5,39.17,188.84,243.88,433.93,1.0,-1,-1,-1
128,4,312.79,200.49,175.78,415.04,1.0,-1,-1,-1
128,3,537.59,176.38,233.04,440.76,1.0,-1,-1,-1
128,2,975.54,188.64,239.46,420.47,1.0,-1,-1,-1
128,1,743.71,175.98,239.06,429.91,1.0,-1,-1,-1
129,5,29.33,184.02,259.15,438.35,1.0,-1,-1,-1
129,4,310.18,194.26,165.94,421.27,1.0,-1,-1,-1
129,3,535.98,173.37,236.25,446.18,1.0,-1,-1,-1
129,2,976.34,187.83,242.68,421.27,1.0,-1,-1,-1
129,1,732.05,177.99,250.71,427.50,1.0,-1,-1,-1
130,5,27.92,180.80,263.77,441.96,1.0,-1,-1,-1
130,4,309.38,187.23,168.75,428.30,1.0,-1,-1,-1
130,3,538.39,172.37,231.43,445.98,1.0,-1,-1,-1
130,2,982.77,187.83,228.21,419.67,1.0,-1,-1,-1
130,1,744.91,176.18,176.79,429.71,1.0,-1,-1,-1
131,5,31.94,173.57,258.15,448.79,1.0,-1,-1,-1
131,4,317.41,182.21,162.72,433.33,1.0,-1,-1,-1
131,3,539.20,163.93,231.43,454.02,1.0,-1,-1,-1
131,2,985.18,176.99,208.93,429.71,1.0,-1,-1,-1
131,1,752.14,141.83,226.61,464.06,1.0,-1,-1,-1
132,5,38.97,168.95,250.71,453.01,1.0,-1,-1,-1
132,4,331.47,178.59,153.48,437.75,1.0,-1,-1,-1
132,3,538.79,163.73,232.23,455.02,1.0,-1,-1,-1
132,2,986.79,166.54,196.07,440.96,1.0,-1,-1,-1
132,1,753.35,127.37,217.37,477.72,1.0,-1,-1,-1
133,5,41.08,168.75,250.61,454.02,1.0,-1,-1,-1
133,4,338.10,173.57,149.67,442.77,1.0,-1,-1,-1
133,3,539.20,164.53,233.84,455.02,1.0,-1,-1,-1
133,2,987.59,164.33,184.82,445.18,1.0,-1,-1,-1
133,1,754.15,129.78,212.54,475.71,1.0,-1,-1,-1
134,5,43.19,167.95,249.71,454.82,1.0,-1,-1,-1
134,4,341.12,180.00,151.07,434.73,1.0,-1,-1,-1
134,3,540.80,165.13,233.04,454.02,1.0,-1,-1,-1
134,2,990.80,164.73,173.57,442.77,1.0,-1,-1,-1
134,1,755.36,136.41,210.54,465.47,1.0,-1,-1,-1
135,5,45.50,166.74,248.60,454.82,1.0,-1,-1,-1
135,4,341.92,181.81,151.07,432.92,1.0,-1,-1,-1
135,3,541.21,166.74,233.84,452.41,1.0,-1,-1,-1
135,2,990.80,167.34,168.75,440.16,1.0,-1,-1,-1
135,1,756.16,138.21,210.54,464.87,1.0,-1,-1,-1
136,5,46.41,164.53,250.71,456.63,1.0,-1,-1,-1
136,4,341.52,181.21,151.07,433.12,1.0,-1,-1,-1
136,3,542.01,169.75,233.84,449.00,1.0,-1,-1,-1
136,2,986.79,167.75,168.75,442.17,1.0,-1,-1,-1
136,1,754.96,142.03,213.35,460.65,1.0,-1,-1,-1
137,5,48.62,161.92,251.72,460.45,1.0,-1,-1,-1
137,4,345.94,179.80,145.45,434.93,1.0,-1,-1,-1
137,3,543.62,171.16,232.23,446.79,1.0,-1,-1,-1
137,2,981.96,166.14,171.96,443.77,1.0,-1,-1,-1
137,1,755.36,145.25,215.36,458.24,1.0,-1,-1,-1
138,5,49.52,160.71,251.82,461.25,1.0,-1,-1,-1
138,4,346.54,177.99,142.83,436.74,1.0,-1,-1,-1
138,3,537.59,164.33,238.66,454.82,1.0,-1,-1,-1
138,2,977.95,161.12,202.50,441.96,1.0,-1,-1,-1
138,1,758.97,148.86,214.96,454.62,1.0,-1,-1,-1
139,5,49.52,157.90,253.83,462.86,1.0,-1,-1,-1
139,4,341.72,173.97,144.44,440.76,1.0,-1,-1,-1
139,3,526.74,142.43,255.54,474.71,1.0,-1,-1,-1
139,2,975.54,154.89,228.21,445.38,1.0,-1,-1,-1
139,1,761.38,154.89,214.15,444.58,1.0,-1,-1,-1
140,5,49.22,154.89,254.73,463.06,1.0,-1,-1,-1
140,4,328.26,171.56,157.50,443.57,1.0,-1,-1,-1
140,3,511.07,161.52,292.50,454.82,1.0,-1,-1,-1
140,2,969.11,151.88,242.68,448.79,1.0,-1,-1,-1
140,1,755.76,173.97,220.58,429.11,1.0,-1,-1,-1
141,5,49.62,157.30,261.16,460.65,1.0,-1,-1,-1
141,4,307.57,175.78,182.61,438.15,1.0,-1,-1,-1
141,3,503.84,172.77,316.61,445.98,1.0,-1,-1,-1
141,2,958.66,152.48,257.14,447.79,1.0,-1,-1,-1
141,1,739.29,187.83,237.86,415.65,1.0,-1,-1,-1
142,5,34.15,165.13,291.50,454.02,1.0,-1,-1,-1
142,4,282.46,179.20,206.12,434.73,1.0,-1,-1,-1
142,3,504.24,175.38,314.20,442.57,1.0,-1,-1,-1
142,2,942.59,167.34,274.82,434.53,1.0,-1,-1,-1
142,1,740.09,190.65,239.46,413.64,1.0,-1,-1,-1
143,5,-0.50,165.13,336.80,454.02,1.0,-1,-1,-1
143,4,279.24,181.21,214.96,432.32,1.0,-1,-1,-1
143,3,504.24,175.98,301.34,442.77,1.0,-1,-1,-1
143,2,930.54,191.65,295.71,408.62,1.0,-1,-1,-1
143,1,725.62,188.24,242.68,416.85,1.0,-1,-1,-1
144,5,14.46,166.54,318.82,452.21,1.0,-1,-1,-1
144,4,282.86,184.62,229.82,428.50,1.0,-1,-1,-1
144,3,512.28,175.78,275.62,442.17,1.0,-1,-1,-1
144,2,930.54,188.24,281.25,416.05,1.0,-1,-1,-1
144,1,750.13,190.04,214.15,414.24,1.0,-1,-1,-1
145,5,7.13,166.54,295.41,452.21,1.0,-1,-1,-1
145,4,299.73,185.22,224.20,429.11,1.0,-1,-1,-1
145,3,545.62,174.78,243.48,444.37,1.0,-1,-1,-1
145,2,936.16,188.84,237.86,412.63,1.0,-1,-1,-1
145,1,758.57,192.46,162.32,411.83,1.0,-1,-1,-1
146,5,79.60,168.15,198.43,452.21,1.0,-1,-1,-1
146,4,328.26,187.03,200.09,427.70,1.0,-1,-1,-1
146,3,589.42,176.18,158.30,454.62,1.0,-1,-1,-1
146,2,948.21,191.05,186.43,411.63,1.0,-1,-1,-1
146,1,777.05,197.28,131.79,407.01,1.0,-1,-1,-1
147,5,123.95,169.55,147.46,461.25,1.0,-1,-1,-1
147,4,359.00,189.64,163.73,426.70,1.0,-1,-1,-1
147,3,588.21,176.99,136.61,460.25,1.0,-1,-1,-1
147,2,964.29,194.67,162.32,427.30,1.0,-1,-1,-1
147,1,780.67,201.29,125.76,402.99,1.0,-1,-1,-1
148,5,133.90,170.76,138.92,461.25,1.0,-1,-1,-1
148,4,368.04,192.46,142.23,423.88,1.0,-1,-1,-1
148,3,589.82,176.58,135.80,457.43,1.0,-1,-1,-1
148,2,975.54,195.47,143.04,425.69,1.0,-1,-1,-1
148,1,780.67,201.50,124.96,401.99,1.0,-1,-1,-1
149,5,136.10,167.95,138.72,464.87,1.0,-1,-1,-1
149,4,372.25,195.47,131.99,421.67,1.0,-1,-1,-1
149,3,590.22,173.37,148.66,461.45,1.0,-1,-1,-1
149,2,964.29,192.05,146.25,429.91,1.0,-1,-1,-1
149,1,783.08,197.68,123.35,411.03,1.0,-1,-1,-1
150,5,113.00,165.33,163.83,466.27,1.0,-1,-1,-1
150,4,372.66,195.87,129.58,421.27,1.0,-1,-1,-1
150,3,578.57,168.35,183.21,467.68,1.0,-1,-1,-1
150,2,951.43,185.83,155.89,434.53,1.0,-1,-1,-1
150,1,754.15,194.46,158.71,402.19,1.0,-1,-1,-1
151,5,84.88,164.73,206.02,467.68,1.0,-1,-1,-1
151,4,372.46,196.47,126.96,416.65,1.0,-1,-1,-1
151,3,557.68,165.94,231.43,470.09,1.0,-1,-1,-1
151,2,944.20,181.81,159.11,437.75,1.0,-1,-1,-1
151,1,762.99,191.15,182.01,399.07,1.0,-1,-1,-1
152,5,77.14,164.33,233.64,470.09,1.0,-1,-1,-1
152,4,370.85,198.48,122.14,401.38,1.0,-1,-1,-1
152,3,511.87,165.33,294.11,469.49,1.0,-1,-1,-1
152,2,951.43,180.20,143.04,440.16,1.0,-1,-1,-1
152,1,752.14,191.75,215.36,397.67,1.0,-1,-1,-1
153,5,88.49,161.92,236.95,472.10,1.0,-1,-1,-1
153,4,362.81,196.07,125.36,402.19,1.0,-1,-1,-1
153,3,476.12,161.92,359.60,472.90,1.0,-1,-1,-1
153,2,953.04,180.00,146.25,440.76,1.0,-1,-1,-1
153,1,748.93,193.56,216.96,395.06,1.0,-1,-1,-1
154,5,112.70,157.10,223.79,476.92,1.0,-1,-1,-1
154,4,353.17,196.67,131.79,403.59,1.0,-1,-1,-1
154,3,469.29,160.11,331.88,474.71,1.0,-1,-1,-1
154,2,955.45,180.80,160.71,439.96,1.0,-1,-1,-1
154,1,707.95,193.56,237.86,396.66,1.0,-1,-1,-1
155,5,132.09,153.68,206.22,478.73,1.0,-1,-1,-1
155,4,344.53,194.67,135.20,407.21,1.0,-1,-1,-1
155,3,482.14,158.50,310.18,477.92,1.0,-1,-1,-1
155,2,943.39,181.81,178.39,438.55,1.0,-1,-1,-1
155,1,743.71,191.95,180.40,397.47,1.0,-1,-1,-1
156,5,148.66,154.49,187.63,475.51,1.0,-1,-1,-1
156,4,336.29,194.26,136.61,404.40,1.0,-1,-1,-1
156,3,526.34,158.10,232.23,477.52,1.0,-1,-1,-1
156,2,929.73,181.61,176.79,438.35,1.0,-1,-1,-1
156,1,764.60,192.35,153.08,397.47,1.0,-1,-1,-1
157,5,168.75,157.70,162.72,472.30,1.0,-1,-1,-1
157,4,334.89,194.46,137.61,407.01,1.0,-1,-1,-1
157,3,578.97,160.51,145.45,483.95,1.0,-1,-1,-1
157,2,914.46,184.62,173.57,437.34,1.0,-1,-1,-1
157,1,775.85,195.17,137.01,395.06,1.0,-1,-1,-1
158,5,179.60,164.53,152.28,465.47,1.0,-1,-1,-1
158,4,331.67,197.08,141.63,407.21,1.0,-1,-1,-1
158,3,583.79,162.52,141.43,485.16,1.0,-1,-1,-1
158,2,900.80,188.84,180.00,433.12,1.0,-1,-1,-1
158,1,784.69,199.99,124.15,389.83,1.0,-1,-1,-1
159,5,186.23,167.95,149.87,462.86,1.0,-1,-1,-1
159,4,312.79,199.89,157.30,403.59,1.0,-1,-1,-1
159,3,581.38,158.71,159.11,488.97,1.0,-1,-1,-1
159,2,895.18,190.85,157.50,423.88,1.0,-1,-1,-1
159,1,786.29,203.50,121.74,387.12,1.0,-1,-1,-1
160,5,193.26,167.75,149.87,464.67,1.0,-1,-1,-1
160,4,317.01,197.68,137.41,406.21,1.0,-1,-1,-1
160,3,564.51,149.46,194.46,495.80,1.0,-1,-1,-1
160,2,882.32,182.81,163.93,434.73,1.0,-1,-1,-1
160,1,769.42,201.09,145.04,390.33,1.0,-1,-1,-1
161,5,176.79,160.71,182.81,474.11,1.0,-1,-1,-1
161,4,319.82,188.04,125.76,416.65,1.0,-1,-1,-1
161,3,550.04,137.81,220.18,512.28,1.0,-1,-1,-1
161,2,871.87,170.96,171.96,444.58,1.0,-1,-1,-1
161,1,745.31,191.35,169.15,400.08,1.0,-1,-1,-1
162,5,149.56,153.08,229.32,477.72,1.0,-1,-1,-1
162,4,326.45,178.39,116.72,426.70,1.0,-1,-1,-1
162,3,532.77,103.46,240.27,547.43,1.0,-1,-1,-1
162,2,850.18,159.71,192.86,454.22,1.0,-1,-1,-1
162,1,749.73,180.40,165.54,409.42,1.0,-1,-1,-1
163,5,157.70,147.66,241.07,482.34,1.0,-1,-1,-1
163,4,322.23,172.37,124.55,426.70,1.0,-1,-1,-1
163,3,511.07,73.93,260.36,579.37,1.0,-1,-1,-1
163,2,812.41,154.08,231.43,446.99,1.0,-1,-1,-1
163,1,749.33,179.20,181.21,409.42,1.0,-1,-1,-1
164,5,188.24,147.05,223.19,481.34,1.0,-1,-1,-1
164,4,327.86,168.75,124.15,421.47,1.0,-1,-1,-1
164,3,475.71,39.78,295.71,618.35,1.0,-1,-1,-1
164,2,808.79,152.88,236.65,444.17,1.0,-1,-1,-1
164,1,746.52,176.18,186.43,414.44,1.0,-1,-1,-1
165,5,207.32,146.85,211.34,481.54,1.0,-1,-1,-1
165,4,325.04,172.17,128.57,410.42,1.0,-1,-1,-1
165,3,464.46,53.04,330.27,608.71,1.0,-1,-1,-1
165,2,805.58,156.70,232.63,440.76,1.0,-1,-1,-1
165,1,748.53,166.54,194.87,412.03,1.0,-1,-1,-1
166,5,219.78,153.68,212.95,474.71,1.0,-1,-1,-1
166,4,314.80,179.60,138.01,410.22,1.0,-1,-1,-1
166,3,483.35,68.91,311.79,606.09,1.0,-1,-1,-1
166,2,792.32,162.72,231.43,454.02,1.0,-1,-1,-1
166,1,757.37,163.73,201.29,420.47,1.0,-1,-1,-1
167,5,233.44,164.53,216.56,462.25,1.0,-1,-1,-1
167,4,325.04,189.34,131.79,399.27,1.0,-1,-1,-1
167,3,509.06,74.33,293.30,594.64,1.0,-1,-1,-1
167,2,771.43,173.77,234.64,444.98,1.0,-1,-1,-1
168,5,245.49,166.54,215.36,461.85,1.0,-1,-1,-1
168,4,320.42,195.67,148.06,384.51,1.0,-1,-1,-1
168,3,511.07,82.17,297.32,587.21,1.0,-1,-1,-1
168,2,769.42,185.42,218.97,434.13,1.0,-1,-1,-1
169,5,260.76,165.74,201.70,462.66,1.0,-1,-1,-1
169,3,517.10,82.97,294.11,587.21,1.0,-1,-1,-1
169,2,765.80,187.43,200.89,434.53,1.0,-1,-1,-1
170,5,267.99,164.33,194.46,462.86,1.0,-1,-1,-1
170,3,523.53,82.97,290.89,596.85,1.0,-1,-1,-1
170,2,760.98,175.78,192.86,443.77,1.0,-1,-1,-1
171,5,258.35,159.31,200.09,467.48,1.0,-1,-1,-1
171,3,529.55,67.10,283.66,602.68,1.0,-1,-1,-1
171,2,760.18,153.08,162.32,462.05,1.0,-1,-1,-1
172,5,252.52,150.27,215.96,474.91,1.0,-1,-1,-1
172,3,525.54,51.83,295.71,613.53,1.0,-1,-1,-1
172,2,758.97,151.47,165.94,464.06,1.0,-1,-1,-1
173,5,262.37,149.26,220.98,475.11,1.0,-1,-1,-1
173,3,497.41,33.75,328.66,632.81,1.0,-1,-1,-1
173,2,753.75,151.88,152.68,464.06,1.0,-1,-1,-1
173,1,821.65,189.84,153.08,406.41,1.0,-1,-1,-1
174,5,288.08,150.27,212.14,477.72,1.0,-1,-1,-1
174,3,471.29,33.15,352.37,636.23,1.0,-1,-1,-1
174,2,744.11,150.07,176.79,468.68,1.0,-1,-1,-1
174,1,826.88,186.23,157.50,403.59,1.0,-1,-1,-1
175,5,301.54,155.69,215.16,475.92,1.0,-1,-1,-1
175,3,461.65,17.88,366.03,657.92,1.0,-1,-1,-1
175,2,738.88,147.05,194.87,479.73,1.0,-1,-1,-1
175,1,812.81,184.22,179.60,392.75,1.0,-1,-1,-1
176,5,289.29,164.13,240.27,467.48,1.0,-1,-1,-1
176,3,486.16,24.91,331.88,636.43,1.0,-1,-1,-1
176,2,730.85,149.87,192.46,481.34,1.0,-1,-1,-1
176,1,790.71,185.22,210.54,391.34,1.0,-1,-1,-1
177,5,282.05,168.35,261.16,462.05,1.0,-1,-1,-1
177,4,280.45,180.60,171.96,407.61,1.0,-1,-1,-1
177,3,503.04,22.50,319.02,650.49,1.0,-1,-1,-1
177,2,715.18,157.90,209.73,475.71,1.0,-1,-1,-1
177,1,810.00,189.14,194.46,370.55,1.0,-1,-1,-1
178,5,339.91,172.77,212.95,459.24,1.0,-1,-1,-1
178,4,275.62,187.43,177.19,403.19,1.0,-1,-1,-1
178,3,506.25,31.54,307.77,635.42,1.0,-1,-1,-1
178,2,707.95,168.55,234.64,465.47,1.0,-1,-1,-1
178,1,805.98,197.18,200.89,373.36,1.0,-1,-1,-1
179,5,353.57,172.57,208.93,459.04,1.0,-1,-1,-1
179,4,276.03,197.08,172.37,391.94,1.0,-1,-1,-1
179,3,517.50,36.16,302.14,642.86,1.0,-1,-1,-1
179,2,695.09,181.61,279.64,453.21,1.0,-1,-1,-1
179,1,799.15,199.29,208.53,361.21,1.0,-1,-1,-1
180,5,360.40,169.15,197.68,462.05,1.0,-1,-1,-1
180,4,280.45,210.54,155.49,377.28,1.0,-1,-1,-1
180,3,535.98,42.59,277.23,652.90,1.0,-1,-1,-1
180,2,701.52,190.45,232.23,441.96,1.0,-1,-1,-1
180,1,760.58,201.50,244.69,380.29,1.0,-1,-1,-1
181,5,374.46,158.50,175.98,474.71,1.0,-1,-1,-1
181,4,285.07,218.17,145.65,370.45,1.0,-1,-1,-1
181,3,515.09,49.62,304.55,639.04,1.0,-1,-1,-1
181,2,711.96,185.62,208.12,448.79,1.0,-1,-1,-1
181,1,792.72,201.60,206.12,399.07,1.0,-1,-1,-1
182,5,319.42,146.05,229.82,483.95,1.0,-1,-1,-1
182,4,301.34,214.15,126.96,380.89,1.0,-1,-1,-1
182,3,500.62,60.87,342.32,634.22,1.0,-1,-1,-1
182,2,714.38,185.62,188.84,446.79,1.0,-1,-1,-1
182,1,757.77,195.07,245.89,406.00,1.0,-1,-1,-1
183,5,350.56,134.00,204.71,491.18,1.0,-1,-1,-1
183,4,307.17,194.46,121.94,401.38,1.0,-1,-1,-1
183,3,488.97,80.96,373.26,615.74,1.0,-1,-1,-1
183,2,718.39,187.23,167.14,444.37,1.0,-1,-1,-1
183,1,775.85,188.84,226.21,409.42,1.0,-1,-1,-1
184,5,372.86,128.17,183.21,495.80,1.0,-1,-1,-1
184,4,309.58,189.44,118.73,406.81,1.0,-1,-1,-1
184,3,510.27,114.71,373.66,567.52,1.0,-1,-1,-1
184,2,718.79,187.43,177.99,443.37,1.0,-1,-1,-1
184,1,769.02,182.41,231.43,416.65,1.0,-1,-1,-1
185,5,373.66,129.98,186.43,496.81,1.0,-1,-1,-1
185,4,310.18,189.84,122.95,406.41,1.0,-1,-1,-1
185,3,521.12,129.38,340.31,557.28,1.0,-1,-1,-1
185,2,717.59,180.20,188.04,452.21,1.0,-1,-1,-1
185,1,786.29,176.79,214.96,421.47,1.0,-1,-1,-1
186,5,323.04,136.00,255.54,499.62,1.0,-1,-1,-1
186,4,311.38,185.02,140.22,410.42,1.0,-1,-1,-1
186,3,518.71,128.57,298.12,561.70,1.0,-1,-1,-1
186,2,722.81,180.00,186.83,452.41,1.0,-1,-1,-1
186,1,804.38,173.57,199.29,419.87,1.0,-1,-1,-1
187,5,387.72,146.05,192.05,492.79,1.0,-1,-1,-1
187,4,308.77,181.61,139.62,414.24,1.0,-1,-1,-1
187,3,485.36,126.16,318.21,573.75,1.0,-1,-1,-1
187,2,721.61,178.59,208.93,452.21,1.0,-1,-1,-1
187,1,802.77,173.37,212.14,423.68,1.0,-1,-1,-1
188,5,384.91,154.89,212.14,502.43,1.0,-1,-1,-1
188,4,306.96,182.21,155.89,414.04,1.0,-1,-1,-1
188,3,457.23,132.59,335.09,555.27,1.0,-1,-1,-1
188,2,718.79,182.01,202.90,451.21,1.0,-1,-1,-1
188,1,824.46,180.00,194.46,420.67,1.0,-1,-1,-1
189,5,383.50,168.95,222.39,489.98,1.0,-1,-1,-1
189,4,309.38,186.23,164.33,413.24,1.0,-1,-1,-1
189,3,447.59,136.61,327.86,561.70,1.0,-1,-1,-1
189,2,720.80,185.42,212.14,447.79,1.0,-1,-1,-1
189,1,831.70,187.23,181.61,412.63,1.0,-1,-1,-1
190,5,386.12,180.00,225.80,454.02,1.0,-1,-1,-1
190,4,316.00,194.26,155.69,401.99,1.0,-1,-1,-1
190,3,440.36,142.63,318.21,558.48,1.0,-1,-1,-1
190,2,722.81,192.66,209.33,439.75,1.0,-1,-1,-1
190,1,830.89,193.06,183.21,409.62,1.0,-1,-1,-1
191,5,392.54,187.43,209.73,448.19,1.0,-1,-1,-1
191,4,319.02,201.80,156.70,396.06,1.0,-1,-1,-1
191,3,438.75,146.85,307.77,553.86,1.0,-1,-1,-1
191,2,723.21,199.69,213.75,433.12,1.0,-1,-1,-1
191,1,826.07,198.68,188.04,403.19,1.0,-1,-1,-1
192,5,400.98,192.66,190.45,447.79,1.0,-1,-1,-1
192,4,322.63,207.72,149.46,390.13,1.0,-1,-1,-1
192,3,446.79,149.46,295.71,549.64,1.0,-1,-1,-1
192,2,723.21,203.71,210.54,428.30,1.0,-1,-1,-1
192,1,826.88,202.40,186.43,395.86,1.0,-1,-1,-1
193,5,402.99,194.06,188.04,441.96,1.0,-1,-1,-1
193,4,326.25,210.13,149.06,386.92,1.0,-1,-1,-1
193,3,471.29,146.65,277.23,552.05,1.0,-1,-1,-1
193,2,723.21,204.91,212.14,427.50,1.0,-1,-1,-1
193,1,823.66,203.81,189.64,396.06,1.0,-1,-1,-1
194,5,403.39,193.46,189.64,439.75,1.0,-1,-1,-1
194,4,326.45,210.74,144.44,386.32,1.0,-1,-1,-1
194,3,516.29,142.63,239.46,558.48,1.0,-1,-1,-1
194,2,722.01,204.51,214.96,427.50,1.0,-1,-1,-1
194,1,834.91,205.31,176.79,394.55,1.0,-1,-1,-1
195,5,402.39,190.65,190.65,440.96,1.0,-1,-1,-1
195,4,325.85,209.33,144.64,387.32,1.0,-1,-1,-1
195,3,522.72,142.63,239.46,564.91,1.0,-1,-1,-1
195,2,722.41,203.71,213.75,428.30,1.0,-1,-1,-1
195,1,826.07,205.21,186.43,395.06,1.0,-1,-1,-1
196,5,403.79,188.64,187.23,443.77,1.0,-1,-1,-1
196,4,324.24,207.72,148.26,389.33,1.0,-1,-1,-1
196,3,522.72,137.41,245.09,564.11,1.0,-1,-1,-1
196,2,721.61,204.11,215.36,429.91,1.0,-1,-1,-1
196,1,829.29,205.61,183.21,395.06,1.0,-1,-1,-1
197,5,403.39,188.04,188.04,443.57,1.0,-1,-1,-1
197,4,323.84,206.92,149.87,390.13,1.0,-1,-1,-1
197,3,525.54,127.97,246.70,571.94,1.0,-1,-1,-1
197,2,721.61,205.31,215.36,428.30,1.0,-1,-1,-1
197,1,832.50,206.12,180.00,394.96,1.0,-1,-1,-1
198,5,403.59,186.23,188.64,445.38,1.0,-1,-1,-1
198,4,323.64,206.52,148.06,390.13,1.0,-1,-1,-1
198,3,527.14,111.09,249.91,587.21,1.0,-1,-1,-1
198,2,721.21,205.31,215.76,428.30,1.0,-1,-1,-1
198,1,835.71,205.21,176.79,395.86,1.0,-1,-1,-1
199,5,404.00,185.02,186.23,446.58,1.0,-1,-1,-1
199,4,323.24,207.32,148.46,389.33,1.0,-1,-1,-1
199,3,525.94,103.46,254.73,594.84,1.0,-1,-1,-1
199,2,721.61,206.92,215.36,427.50,1.0,-1,-1,-1
199,1,834.11,205.41,178.39,396.06,1.0,-1,-1,-1
200,5,403.59,183.42,188.24,449.00,1.0,-1,-1,-1
200,4,322.43,207.32,151.67,388.93,1.0,-1,-1,-1
200,3,522.72,95.02,257.95,600.07,1.0,-1,-1,-1
200,2,721.61,206.92,215.36,427.50,1.0,-1,-1,-1
200,1,826.07,204.41,186.43,396.66,1.0,-1,-1,-1
201,5,405.80,183.62,183.21,446.79,1.0,-1,-1,-1
201,4,321.83,208.12,149.87,388.12,1.0,-1,-1,-1
201,3,521.52,97.43,260.36,596.85,1.0,-1,-1,-1
201,2,721.61,206.92,215.36,426.70,1.0,-1,-1,-1
201,1,824.46,204.81,188.04,395.86,1.0,-1,-1,-1
202,5,405.00,182.81,184.82,447.99,1.0,-1,-1,-1
202,4,321.03,208.12,149.06,388.53,1.0,-1,-1,-1
202,3,519.51,98.24,261.96,599.26,1.0,-1,-1,-1
202,2,722.01,206.52,214.96,427.50,1.0,-1,-1,-1
202,1,829.29,205.41,183.21,396.06,1.0,-1,-1,-1
203,5,404.60,182.61,184.02,448.19,1.0,-1,-1,-1
203,4,320.02,208.12,146.05,388.53,1.0,-1,-1,-1
203,3,519.11,98.44,260.36,601.47,1.0,-1,-1,-1
203,2,721.61,206.52,213.75,427.50,1.0,-1,-1,-1
203,1,822.46,205.21,190.85,395.86,1.0,-1,-1,-1
204,5,402.59,183.21,186.43,449.60,1.0,-1,-1,-1
204,4,319.42,208.12,146.65,388.53,1.0,-1,-1,-1
204,3,521.12,104.67,255.54,592.03,1.0,-1,-1,-1
204,2,721.61,207.32,213.75,426.70,1.0,-1,-1,-1
204,1,831.70,206.52,180.00,393.75,1.0,-1,-1,-1
205,5,404.40,183.21,184.62,446.79,1.0,-1,-1,-1
205,4,318.62,208.53,147.86,388.13,1.0,-1,-1,-1
205,3,519.11,106.47,257.14,591.03,1.0,-1,-1,-1
205,2,721.21,208.33,214.15,425.69,1.0,-1,-1,-1
205,1,827.68,205.21,186.43,395.86,1.0,-1,-1,-1
206,5,404.20,183.21,184.02,446.79,1.0,-1,-1,-1
206,4,317.01,208.93,148.66,387.72,1.0,-1,-1,-1
206,3,519.11,106.07,253.93,594.64,1.0,-1,-1,-1
206,2,721.61,207.92,213.75,425.29,1.0,-1,-1,-1
206,1,826.07,205.01,188.04,396.06,1.0,-1,-1,-1
207,5,404.00,183.21,184.62,446.79,1.0,-1,-1,-1
207,4,316.21,209.53,147.86,386.72,1.0,-1,-1,-1
207,3,518.30,107.88,253.12,588.82,1.0,-1,-1,-1
207,2,722.01,208.33,213.35,425.69,1.0,-1,-1,-1
207,1,825.27,205.01,188.04,396.06,1.0,-1,-1,-1
208,5,403.59,183.21,183.82,446.79,1.0,-1,-1,-1
208,4,315.60,209.93,149.67,387.12,1.0,-1,-1,-1
208,3,518.30,111.29,252.32,585.40,1.0,-1,-1,-1
208,2,722.01,209.13,212.54,424.89,1.0,-1,-1,-1
208,1,822.86,206.12,191.25,396.16,1.0,-1,-1,-1
209,5,402.19,184.22,185.62,446.58,1.0,-1,-1,-1
209,4,315.00,209.93,150.67,387.12,1.0,-1,-1,-1
209,3,519.11,115.71,282.86,572.95,1.0,-1,-1,-1
209,2,710.36,208.93,225.00,443.57,1.0,-1,-1,-1
209,1,822.86,206.12,191.25,396.16,1.0,-1,-1,-1
210,5,404.20,182.41,180.80,447.99,1.0,-1,-1,-1
210,4,315.60,209.93,152.48,387.12,1.0,-1,-1,-1
210,3,522.72,129.78,303.35,564.11,1.0,-1,-1,-1
210,2,717.19,208.73,218.17,422.88,1.0,-1,-1,-1
210,1,816.03,205.92,198.88,393.55,1.0,-1,-1,-1
211,5,404.00,182.01,181.00,448.79,1.0,-1,-1,-1
211,4,315.00,209.93,152.68,387.12,1.0,-1,-1,-1
211,3,530.76,139.22,316.21,559.89,1.0,-1,-1,-1
211,2,714.78,208.73,220.58,422.08,1.0,-1,-1,-1
211,1,814.42,206.12,199.69,394.55,1.0,-1,-1,-1
212,5,402.19,183.21,183.21,448.79,1.0,-1,-1,-1
212,4,315.00,209.93,152.68,387.12,1.0,-1,-1,-1
212,3,537.19,149.67,308.17,544.62,1.0,-1,-1,-1
212,2,715.98,210.13,220.18,427.50,1.0,-1,-1,-1
212,1,812.81,206.12,202.10,394.55,1.0,-1,-1,-1
213,5,402.19,182.61,185.62,449.80,1.0,-1,-1,-1
213,4,314.20,209.33,153.48,387.72,1.0,-1,-1,-1
213,3,540.00,150.27,295.71,545.62,1.0,-1,-1,-1
213,2,718.39,208.73,216.96,422.88,1.0,-1,-1,-1
213,1,812.01,205.71,203.71,394.55,1.0,-1,-1,-1
214,5,403.59,181.00,181.41,449.80,1.0,-1,-1,-1
214,4,313.79,209.33,153.48,387.32,1.0,-1,-1,-1
214,3,540.00,147.05,286.07,545.62,1.0,-1,-1,-1
214,2,714.38,209.93,221.79,423.28,1.0,-1,-1,-1
214,1,809.20,205.51,205.71,393.95,1.0,-1,-1,-1
215,5,404.00,180.60,182.61,449.40,1.0,-1,-1,-1
215,4,313.79,209.33,153.88,387.32,1.0,-1,-1,-1
215,3,541.61,150.67,249.91,539.20,1.0,-1,-1,-1
215,2,714.38,208.53,221.79,452.41,1.0,-1,-1,-1
215,1,809.20,205.41,205.71,395.26,1.0,-1,-1,-1
216,5,404.20,179.80,180.00,450.20,1.0,-1,-1,-1
216,4,313.79,209.53,152.28,386.72,1.0,-1,-1,-1
216,3,535.18,143.04,223.39,543.21,1.0,-1,-1,-1
216,2,711.96,209.53,223.39,422.88,1.0,-1,-1,-1
216,1,801.16,205.41,215.36,395.26,1.0,-1,-1,-1
217,5,403.59,178.79,181.00,451.21,1.0,-1,-1,-1
217,4,314.20,209.73,151.47,386.92,1.0,-1,-1,-1
217,3,521.12,141.63,220.18,554.26,1.0,-1,-1,-1
217,2,721.61,208.33,215.36,424.89,1.0,-1,-1,-1
217,1,812.01,205.41,204.51,396.06,1.0,-1,-1,-1
218,5,402.79,177.19,185.42,453.21,1.0,-1,-1,-1
218,4,314.20,209.73,153.48,386.92,1.0,-1,-1,-1
218,3,512.68,136.41,231.43,562.70,1.0,-1,-1,-1
218,2,721.21,207.72,215.76,426.70,1.0,-1,-1,-1
218,1,811.61,205.71,205.71,394.55,1.0,-1,-1,-1
219,5,402.19,175.58,184.82,454.82,1.0,-1,-1,-1
219,4,314.40,209.73,156.50,386.92,1.0,-1,-1,-1
219,3,509.46,133.39,237.05,564.11,1.0,-1,-1,-1
219,2,720.40,206.92,221.38,426.70,1.0,-1,-1,-1
219,1,793.93,204.61,225.00,396.86,1.0,-1,-1,-1
220,5,401.38,174.17,180.80,456.63,1.0,-1,-1,-1
220,4,314.80,209.73,152.88,386.92,1.0,-1,-1,-1
220,3,508.26,116.52,243.48,572.95,1.0,-1,-1,-1
220,2,719.60,206.92,218.97,426.70,1.0,-1,-1,-1
220,1,793.53,204.81,225.40,395.86,1.0,-1,-1,-1
221,5,401.38,172.37,180.80,458.44,1.0,-1,-1,-1
221,4,314.60,209.73,152.28,386.92,1.0,-1,-1,-1
221,3,507.46,109.08,252.32,582.79,1.0,-1,-1,-1
221,2,719.20,207.12,237.86,425.29,1.0,-1,-1,-1
221,1,797.54,205.01,224.60,396.06,1.0,-1,-1,-1
222,5,401.79,171.96,180.80,458.44,1.0,-1,-1,-1
222,4,314.80,209.93,158.50,386.32,1.0,-1,-1,-1
222,3,507.46,102.25,259.55,589.62,1.0,-1,-1,-1
222,2,719.20,205.71,257.14,426.70,1.0,-1,-1,-1
222,1,810.00,206.12,213.75,395.36,1.0,-1,-1,-1
223,5,401.79,173.57,179.20,457.63,1.0,-1,-1,-1
223,4,314.80,210.13,152.08,386.12,1.0,-1,-1,-1
223,3,505.45,99.24,265.98,596.65,1.0,-1,-1,-1
223,2,718.39,202.10,289.29,430.71,1.0,-1,-1,-1
223,1,826.88,206.52,197.68,394.96,1.0,-1,-1,-1
224,5,398.97,177.99,181.61,452.41,1.0,-1,-1,-1
224,4,314.20,210.54,151.07,385.31,1.0,-1,-1,-1
224,3,506.25,103.06,264.38,592.03,1.0,-1,-1,-1
224,2,718.39,200.09,216.96,433.93,1.0,-1,-1,-1
224,1,828.48,207.72,197.68,392.95,1.0,-1,-1,-1
225,5,398.17,181.61,182.41,449.60,1.0,-1,-1,-1
225,4,315.40,210.74,155.49,384.71,1.0,-1,-1,-1
225,3,505.45,98.44,261.96,601.47,1.0,-1,-1,-1
225,2,719.20,201.29,216.96,431.52,1.0,-1,-1,-1
225,1,830.09,210.54,197.68,390.54,1.0,-1,-1,-1
226,5,397.37,177.59,187.23,452.41,1.0,-1,-1,-1
226,4,315.40,211.34,164.73,383.71,1.0,-1,-1,-1
226,3,504.24,108.08,263.57,596.65,1.0,-1,-1,-1
226,2,716.38,203.30,219.78,429.11,1.0,-1,-1,-1
226,1,834.11,210.33,196.07,392.34,1.0,-1,-1,-1
227,5,396.36,168.35,186.23,462.05,1.0,-1,-1,-1
227,4,315.80,207.32,158.30,389.73,1.0,-1,-1,-1
227,3,507.46,117.52,261.96,577.57,1.0,-1,-1,-1
227,2,719.20,202.10,218.57,430.71,1.0,-1,-1,-1
227,1,839.73,206.92,189.64,394.96,1.0,-1,-1,-1
228,5,395.76,155.49,190.45,474.11,1.0,-1,-1,-1
228,4,316.61,197.98,151.07,396.66,1.0,-1,-1,-1
228,3,512.28,118.33,257.95,579.17,1.0,-1,-1,-1
228,2,715.58,202.10,221.38,430.71,1.0,-1,-1,-1
228,1,849.37,198.48,184.82,402.19,1.0,-1,-1,-1
