0,1,533.17,408.01,19.29,41.58,1.0,-1,-1,-1
1,1,533.17,408.42,20.09,41.58,1.0,-1,-1,-1
2,1,533.17,409.62,20.89,41.58,1.0,-1,-1,-1
3,1,535.18,409.42,19.29,41.79,1.0,-1,-1,-1
4,1,536.38,409.82,19.29,42.59,1.0,-1,-1,-1
5,1,537.59,409.82,19.29,42.59,1.0,-1,-1,-1
6,2,565.71,411.43,15.27,34.55,1.0,-1,-1,-1
6,1,539.20,410.22,19.29,43.39,1.0,-1,-1,-1
7,1,538.79,411.23,20.89,43.19,1.0,-1,-1,-1
8,1,542.41,412.63,19.29,42.59,1.0,-1,-1,-1
9,1,540.80,412.63,22.50,43.39,1.0,-1,-1,-1
10,1,543.21,413.84,21.70,42.59,1.0,-1,-1,-1
11,1,546.43,415.04,20.09,42.59,1.0,-1,-1,-1
12,1,549.24,416.65,19.29,42.59,1.0,-1,-1,-1
13,1,550.04,417.46,20.09,42.59,1.0,-1,-1,-1
14,1,549.64,417.46,22.50,42.59,1.0,-1,-1,-1
15,1,552.05,417.46,20.89,43.39,1.0,-1,-1,-1
16,1,556.47,417.86,19.29,43.39,1.0,-1,-1,-1
17,1,556.47,418.26,20.89,42.59,1.0,-1,-1,-1
18,1,555.67,418.66,22.50,42.59,1.0,-1,-1,-1
19,1,557.68,418.66,22.50,43.39,1.0,-1,-1,-1
20,1,562.10,419.06,20.09,44.20,1.0,-1,-1,-1
21,1,562.50,419.46,20.89,44.20,1.0,-1,-1,-1
22,1,562.90,419.87,21.70,44.20,1.0,-1,-1,-1
23,1,564.91,419.46,20.89,45.00,1.0,-1,-1,-1
24,1,567.72,421.07,20.09,45.00,1.0,-1,-1,-1
25,1,568.53,422.28,20.89,44.20,1.0,-1,-1,-1
26,1,569.73,422.68,21.70,44.20,1.0,-1,-1,-1
27,1,570.54,423.08,21.70,44.20,1.0,-1,-1,-1
28,1,572.95,424.29,20.89,43.39,1.0,-1,-1,-1
29,1,573.35,425.09,21.70,43.39,1.0,-1,-1,-1
30,1,574.55,425.49,21.70,43.39,1.0,-1,-1,-1
31,1,575.36,425.89,21.70,43.39,1.0,-1,-1,-1
32,1,577.77,426.29,21.70,44.20,1.0,-1,-1,-1
33,1,579.78,427.10,20.89,44.20,1.0,-1,-1,-1
34,1,580.18,428.30,21.70,44.20,1.0,-1,-1,-1
35,1,580.98,428.71,22.50,45.00,1.0,-1,-1,-1
36,1,583.79,429.51,22.50,45.80,1.0,-1,-1,-1
37,1,585.00,429.91,22.50,45.80,1.0,-1,-1,-1
38,1,586.61,431.12,21.70,45.00,1.0,-1,-1,-1
39,1,587.41,431.12,21.70,45.80,1.0,-1,-1,-1
40,1,589.42,432.32,21.70,45.80,1.0,-1,-1,-1
41,3,640.04,432.72,14.46,34.55,1.0,-1,-1,-1
41,1,590.62,433.12,21.70,46.61,1.0,-1,-1,-1
42,3,640.85,433.53,14.46,33.75,1.0,-1,-1,-1
42,1,591.83,433.53,21.70,46.61,1.0,-1,-1,-1
43,3,643.66,434.33,12.86,32.95,1.0,-1,-1,-1
43,1,593.44,434.73,20.89,45.80,1.0,-1,-1,-1
44,3,646.47,435.13,12.86,32.95,1.0,-1,-1,-1
44,1,592.63,435.54,24.91,45.80,1.0,-1,-1,-1
45,3,647.28,436.34,12.05,32.14,1.0,-1,-1,-1
45,1,592.63,436.74,25.71,45.00,1.0,-1,-1,-1
46,3,648.08,436.74,12.86,33.75,1.0,-1,-1,-1
46,1,593.84,437.14,24.91,45.00,1.0,-1,-1,-1
47,3,648.48,437.14,13.66,33.75,1.0,-1,-1,-1
47,1,594.64,437.54,25.71,45.80,1.0,-1,-1,-1
48,1,598.66,438.35,23.30,45.80,1.0,-1,-1,-1
49,1,599.06,438.35,24.11,46.61,1.0,-1,-1,-1
50,1,599.06,438.75,25.71,46.61,1.0,-1,-1,-1
51,1,600.67,438.75,24.91,47.41,1.0,-1,-1,-1
52,1,602.68,440.76,24.11,46.61,1.0,-1,-1,-1
53,1,603.48,442.37,24.11,45.80,1.0,-1,-1,-1
54,1,605.49,442.77,23.30,46.61,1.0,-1,-1,-1
55,1,605.89,442.77,24.11,47.41,1.0,-1,-1,-1
56,1,607.10,444.78,24.11,48.21,1.0,-1,-1,-1
57,1,607.50,445.18,24.91,48.21,1.0,-1,-1,-1
58,1,608.30,445.58,24.11,48.21,1.0,-1,-1,-1
59,1,609.11,446.38,24.11,48.21,1.0,-1,-1,-1
60,1,612.72,448.39,22.50,47.41,1.0,-1,-1,-1
61,1,612.72,448.79,23.30,48.21,1.0,-1,-1,-1
62,1,612.32,449.20,24.11,49.02,1.0,-1,-1,-1
63,1,613.12,449.60,24.11,49.02,1.0,-1,-1,-1
64,1,614.73,449.60,23.30,49.82,1.0,-1,-1,-1
65,1,614.73,450.00,24.11,49.82,1.0,-1,-1,-1
66,1,616.74,450.80,22.50,49.82,1.0,-1,-1,-1
67,1,616.34,450.80,23.30,49.82,1.0,-1,-1,-1
68,1,617.95,452.01,23.30,49.82,1.0,-1,-1,-1
69,1,618.75,452.41,23.30,49.82,1.0,-1,-1,-1
70,1,617.14,452.81,24.91,49.82,1.0,-1,-1,-1
71,1,617.95,452.81,24.91,49.82,1.0,-1,-1,-1
72,1,615.94,452.81,27.32,49.82,1.0,-1,-1,-1
73,1,616.34,454.02,28.12,49.02,1.0,-1,-1,-1
74,1,617.14,454.02,28.12,49.02,1.0,-1,-1,-1
75,1,617.54,454.42,28.12,49.02,1.0,-1,-1,-1
76,1,617.95,454.82,28.93,49.82,1.0,-1,-1,-1
77,1,619.15,454.82,28.12,49.82,1.0,-1,-1,-1
78,1,619.55,455.22,28.93,49.02,1.0,-1,-1,-1
79,1,619.96,455.22,28.93,49.02,1.0,-1,-1,-1
80,1,621.16,454.82,28.93,49.82,1.0,-1,-1,-1
81,1,622.77,454.42,28.12,51.43,1.0,-1,-1,-1
82,1,622.37,455.22,28.93,50.62,1.0,-1,-1,-1
83,1,623.17,455.22,28.93,51.43,1.0,-1,-1,-1
84,1,626.79,455.62,25.71,51.43,1.0,-1,-1,-1
85,1,626.38,455.22,26.52,52.23,1.0,-1,-1,-1
86,1,626.79,456.03,26.52,51.43,1.0,-1,-1,-1
87,1,627.99,455.22,25.71,52.23,1.0,-1,-1,-1
88,1,629.60,456.03,24.91,50.62,1.0,-1,-1,-1
89,1,629.20,456.43,25.71,50.62,1.0,-1,-1,-1
90,1,630.00,456.03,25.71,50.62,1.0,-1,-1,-1
91,1,628.39,455.62,27.32,51.43,1.0,-1,-1,-1
92,1,628.79,455.62,28.12,51.43,1.0,-1,-1,-1
93,1,629.60,455.22,27.32,51.43,1.0,-1,-1,-1
94,1,630.80,454.82,27.32,51.43,1.0,-1,-1,-1
95,1,631.21,454.42,27.32,51.43,1.0,-1,-1,-1
96,1,632.41,454.02,26.52,52.23,1.0,-1,-1,-1
97,1,632.41,454.42,27.32,51.43,1.0,-1,-1,-1
98,1,632.81,454.42,27.32,51.43,1.0,-1,-1,-1
99,1,634.02,454.02,26.52,52.23,1.0,-1,-1,-1
100,1,635.22,453.62,27.32,52.23,1.0,-1,-1,-1
101,1,636.03,452.81,27.32,53.04,1.0,-1,-1,-1
102,1,637.63,452.41,26.52,53.04,1.0,-1,-1,-1
103,1,637.23,452.41,27.32,53.04,1.0,-1,-1,-1
104,1,638.84,452.01,26.52,53.04,1.0,-1,-1,-1
105,1,638.44,451.21,28.12,53.84,1.0,-1,-1,-1
106,1,640.45,450.80,27.32,53.04,1.0,-1,-1,-1
107,1,642.05,450.80,26.52,53.04,1.0,-1,-1,-1
108,1,640.45,449.60,29.73,53.84,1.0,-1,-1,-1
109,1,641.25,449.60,30.54,53.84,1.0,-1,-1,-1
110,1,642.05,449.60,30.54,53.84,1.0,-1,-1,-1
111,1,642.05,449.20,31.34,53.84,1.0,-1,-1,-1
112,1,644.87,448.79,29.73,53.84,1.0,-1,-1,-1
113,1,646.47,448.39,29.73,53.84,1.0,-1,-1,-1
114,1,647.68,447.99,28.93,54.64,1.0,-1,-1,-1
115,1,647.68,447.19,29.73,55.45,1.0,-1,-1,-1
116,1,650.49,446.79,28.12,55.45,1.0,-1,-1,-1
117,4,973.93,454.42,16.07,36.16,1.0,-1,-1,-1
117,1,651.70,445.98,27.32,55.45,1.0,-1,-1,-1
118,4,976.34,453.21,14.46,36.16,1.0,-1,-1,-1
118,1,651.29,445.58,28.12,55.45,1.0,-1,-1,-1
119,4,978.75,453.21,14.46,36.16,1.0,-1,-1,-1
119,1,652.90,445.18,27.32,55.45,1.0,-1,-1,-1
120,4,981.16,445.58,16.07,43.39,1.0,-1,-1,-1
120,1,654.91,444.37,27.32,55.45,1.0,-1,-1,-1
121,4,983.57,451.21,14.46,36.16,1.0,-1,-1,-1
121,1,656.12,443.57,27.32,56.25,1.0,-1,-1,-1
122,4,985.18,451.21,14.46,35.36,1.0,-1,-1,-1
122,1,657.32,442.37,27.32,57.05,1.0,-1,-1,-1
123,4,985.18,450.00,14.46,35.36,1.0,-1,-1,-1
123,1,657.72,441.16,27.32,57.86,1.0,-1,-1,-1
124,4,986.79,442.77,16.07,42.59,1.0,-1,-1,-1
124,1,659.33,440.36,27.32,57.05,1.0,-1,-1,-1
125,4,987.59,443.97,16.07,40.18,1.0,-1,-1,-1
125,1,660.54,439.15,27.32,57.05,1.0,-1,-1,-1
126,4,989.20,446.38,14.46,36.96,1.0,-1,-1,-1
126,1,660.94,438.75,27.32,57.86,1.0,-1,-1,-1
127,4,989.20,445.18,16.07,37.77,1.0,-1,-1,-1
127,1,661.34,437.54,28.12,58.66,1.0,-1,-1,-1
128,4,991.61,444.78,14.46,36.96,1.0,-1,-1,-1
128,1,662.95,435.54,28.12,59.46,1.0,-1,-1,-1
129,4,993.21,442.77,14.46,38.57,1.0,-1,-1,-1
129,1,663.75,435.54,28.93,58.66,1.0,-1,-1,-1
130,4,993.21,439.96,16.07,40.98,1.0,-1,-1,-1
130,1,664.55,434.73,28.93,59.46,1.0,-1,-1,-1
131,4,994.02,439.96,16.07,39.38,1.0,-1,-1,-1
131,1,665.76,435.13,28.93,59.46,1.0,-1,-1,-1
132,4,998.04,442.37,14.46,36.96,1.0,-1,-1,-1
132,1,667.37,435.13,29.73,58.66,1.0,-1,-1,-1
133,4,998.04,441.16,16.07,36.96,1.0,-1,-1,-1
133,1,668.57,435.13,28.93,57.86,1.0,-1,-1,-1
134,4,998.84,441.56,14.46,36.16,1.0,-1,-1,-1
134,1,670.58,434.33,28.12,58.66,1.0,-1,-1,-1
135,4,999.64,439.15,14.46,37.77,1.0,-1,-1,-1
135,1,668.57,433.93,30.54,58.66,1.0,-1,-1,-1
136,4,1001.25,438.75,14.46,37.77,1.0,-1,-1,-1
136,1,670.58,433.12,30.54,59.46,1.0,-1,-1,-1
137,4,1002.86,437.54,14.46,38.57,1.0,-1,-1,-1
137,1,670.18,432.72,32.14,59.46,1.0,-1,-1,-1
138,4,1002.86,436.74,16.07,39.38,1.0,-1,-1,-1
138,1,672.59,431.92,31.34,60.27,1.0,-1,-1,-1
139,4,1003.66,437.14,16.07,38.57,1.0,-1,-1,-1
139,1,674.60,431.52,30.54,60.27,1.0,-1,-1,-1
140,4,1005.27,438.35,14.46,36.96,1.0,-1,-1,-1
140,1,675.00,431.12,31.34,59.46,1.0,-1,-1,-1
141,4,1006.87,437.14,14.46,36.16,1.0,-1,-1,-1
141,1,676.21,429.91,31.34,60.27,1.0,-1,-1,-1
142,4,1007.68,436.34,14.46,36.96,1.0,-1,-1,-1
142,1,675.40,429.11,32.14,61.07,1.0,-1,-1,-1
143,4,1008.48,437.14,14.46,35.36,1.0,-1,-1,-1
143,1,674.60,429.11,33.75,61.07,1.0,-1,-1,-1
144,4,1010.09,433.12,16.07,39.38,1.0,-1,-1,-1
144,1,678.21,429.11,30.54,61.07,1.0,-1,-1,-1
145,4,1010.89,433.53,16.07,38.57,1.0,-1,-1,-1
145,1,679.02,429.51,29.73,61.07,1.0,-1,-1,-1
146,4,1010.89,433.12,16.07,39.38,1.0,-1,-1,-1
146,1,680.62,429.91,28.12,60.27,1.0,-1,-1,-1
147,5,800.76,428.30,16.07,38.57,1.0,-1,-1,-1
147,4,1010.89,433.12,16.07,38.57,1.0,-1,-1,-1
147,1,681.83,429.91,27.32,59.46,1.0,-1,-1,-1
148,5,801.56,427.50,16.88,39.38,1.0,-1,-1,-1
148,4,1012.50,432.72,16.07,39.38,1.0,-1,-1,-1
148,1,683.44,428.30,27.32,61.07,1.0,-1,-1,-1
149,5,802.37,427.50,16.88,39.38,1.0,-1,-1,-1
149,4,1012.50,432.32,16.07,39.38,1.0,-1,-1,-1
149,1,683.84,428.30,27.32,61.07,1.0,-1,-1,-1
150,5,803.17,428.30,16.88,38.57,1.0,-1,-1,-1
150,4,1014.11,433.53,14.46,38.57,1.0,-1,-1,-1
150,1,684.64,428.71,26.52,61.07,1.0,-1,-1,-1
151,5,803.97,429.91,16.88,36.96,1.0,-1,-1,-1
151,4,1013.30,433.53,16.07,38.57,1.0,-1,-1,-1
151,1,685.45,428.71,25.71,61.07,1.0,-1,-1,-1
152,5,805.98,430.31,16.88,36.16,1.0,-1,-1,-1
152,4,1014.91,435.13,14.46,36.16,1.0,-1,-1,-1
152,1,685.04,428.30,26.52,61.88,1.0,-1,-1,-1
153,5,806.38,431.12,17.28,36.16,1.0,-1,-1,-1
153,4,1014.91,435.94,14.46,36.16,1.0,-1,-1,-1
153,1,685.45,429.11,26.52,61.88,1.0,-1,-1,-1
154,5,809.20,432.72,16.07,34.55,1.0,-1,-1,-1
154,4,1015.71,435.94,16.07,36.16,1.0,-1,-1,-1
154,1,685.45,428.71,27.32,62.68,1.0,-1,-1,-1
155,5,810.00,433.12,16.07,33.75,1.0,-1,-1,-1
155,4,1016.52,434.73,16.07,37.77,1.0,-1,-1,-1
155,1,683.84,428.71,28.93,63.48,1.0,-1,-1,-1
156,5,810.00,432.32,16.88,35.36,1.0,-1,-1,-1
156,4,1018.12,434.33,14.46,36.96,1.0,-1,-1,-1
156,1,683.84,427.90,32.14,64.29,1.0,-1,-1,-1
157,6,996.43,419.87,12.86,23.30,1.0,-1,-1,-1
157,5,810.80,431.12,16.88,36.96,1.0,-1,-1,-1
157,4,1018.12,434.33,14.46,36.96,1.0,-1,-1,-1
157,1,683.84,427.90,32.95,64.29,1.0,-1,-1,-1
158,6,995.62,420.27,11.25,23.30,1.0,-1,-1,-1
158,4,1017.32,435.13,14.46,36.96,1.0,-1,-1,-1
158,1,683.04,428.30,35.36,63.48,1.0,-1,-1,-1
159,6,994.82,419.87,11.25,23.30,1.0,-1,-1,-1
159,4,1016.52,434.73,16.07,36.96,1.0,-1,-1,-1
159,1,682.23,429.11,30.54,64.29,1.0,-1,-1,-1
160,6,994.02,420.27,11.25,24.11,1.0,-1,-1,-1
160,4,1018.12,434.33,14.46,37.77,1.0,-1,-1,-1
160,1,681.83,429.11,31.34,64.29,1.0,-1,-1,-1
161,6,993.21,421.07,11.25,23.30,1.0,-1,-1,-1
161,5,812.81,433.12,16.47,36.16,1.0,-1,-1,-1
161,4,1017.32,434.73,14.46,37.77,1.0,-1,-1,-1
161,1,681.43,429.11,31.34,65.09,1.0,-1,-1,-1
162,6,992.41,421.87,11.25,23.30,1.0,-1,-1,-1
162,5,812.81,433.53,16.47,36.16,1.0,-1,-1,-1
162,4,1016.52,435.54,14.46,37.77,1.0,-1,-1,-1
162,1,681.43,429.51,30.54,65.09,1.0,-1,-1,-1
163,6,991.61,422.28,11.25,24.11,1.0,-1,-1,-1
163,5,812.01,433.93,17.28,35.36,1.0,-1,-1,-1
163,4,1016.52,435.54,14.46,37.77,1.0,-1,-1,-1
163,1,681.03,430.31,31.34,64.29,1.0,-1,-1,-1
164,6,990.00,423.08,12.86,24.11,1.0,-1,-1,-1
164,5,812.81,435.54,18.08,35.36,1.0,-1,-1,-1
164,4,1016.52,436.34,14.46,38.57,1.0,-1,-1,-1
164,1,679.02,431.12,33.75,65.09,1.0,-1,-1,-1
165,6,990.00,423.48,12.86,24.11,1.0,-1,-1,-1
165,5,812.41,435.94,18.48,35.36,1.0,-1,-1,-1
165,4,1017.32,436.34,14.46,38.57,1.0,-1,-1,-1
165,1,678.62,431.52,33.75,65.09,1.0,-1,-1,-1
166,6,990.00,424.29,12.86,24.11,1.0,-1,-1,-1
166,5,812.41,435.13,20.09,36.96,1.0,-1,-1,-1
166,4,1017.32,436.34,14.46,39.38,1.0,-1,-1,-1
166,1,678.62,432.72,32.95,64.29,1.0,-1,-1,-1
167,6,990.00,424.69,12.86,24.11,1.0,-1,-1,-1
167,5,812.81,435.54,20.49,36.96,1.0,-1,-1,-1
167,4,1018.12,437.14,14.46,38.57,1.0,-1,-1,-1
167,1,679.02,433.12,32.95,64.29,1.0,-1,-1,-1
168,6,989.20,425.49,11.25,24.91,1.0,-1,-1,-1
168,5,813.21,435.94,19.29,36.96,1.0,-1,-1,-1
168,4,1018.12,437.54,14.46,39.38,1.0,-1,-1,-1
168,1,678.62,433.93,33.75,65.09,1.0,-1,-1,-1
169,6,989.20,425.89,11.25,24.11,1.0,-1,-1,-1
169,5,813.62,435.94,19.69,37.77,1.0,-1,-1,-1
169,4,1017.32,437.14,14.46,40.18,1.0,-1,-1,-1
169,1,677.81,434.33,34.55,65.09,1.0,-1,-1,-1
170,6,987.59,425.89,11.25,24.91,1.0,-1,-1,-1
170,5,812.41,437.14,20.09,36.96,1.0,-1,-1,-1
170,4,1017.32,437.54,14.46,40.18,1.0,-1,-1,-1
170,1,677.81,435.94,34.55,64.29,1.0,-1,-1,-1
171,6,986.79,426.70,11.25,24.11,1.0,-1,-1,-1
171,5,818.04,438.75,16.07,36.16,1.0,-1,-1,-1
171,4,1016.52,438.35,14.46,40.18,1.0,-1,-1,-1
171,1,677.41,436.34,34.55,64.29,1.0,-1,-1,-1
172,6,985.18,427.90,11.25,23.30,1.0,-1,-1,-1
172,5,817.63,439.15,17.28,36.96,1.0,-1,-1,-1
172,4,1014.91,439.55,14.46,39.38,1.0,-1,-1,-1
172,1,676.61,437.54,35.36,63.48,1.0,-1,-1,-1
173,6,983.57,428.30,12.86,25.71,1.0,-1,-1,-1
173,5,817.63,439.55,17.28,36.96,1.0,-1,-1,-1
173,4,1014.91,439.96,14.46,40.18,1.0,-1,-1,-1
173,1,675.80,438.35,36.16,63.48,1.0,-1,-1,-1
174,6,981.16,429.51,12.86,24.91,1.0,-1,-1,-1
174,5,817.63,441.56,17.28,35.36,1.0,-1,-1,-1
174,4,1014.11,441.16,14.46,40.18,1.0,-1,-1,-1
174,1,675.40,438.35,36.16,65.09,1.0,-1,-1,-1
175,6,981.16,429.51,12.86,25.71,1.0,-1,-1,-1
175,5,816.43,441.96,17.68,35.36,1.0,-1,-1,-1
175,4,1012.50,441.56,16.07,40.18,1.0,-1,-1,-1
175,1,675.40,438.75,35.36,65.09,1.0,-1,-1,-1
176,6,978.75,431.52,12.86,24.11,1.0,-1,-1,-1
176,5,816.03,442.37,18.08,36.16,1.0,-1,-1,-1
176,4,1010.89,443.57,16.07,39.38,1.0,-1,-1,-1
176,1,675.00,439.96,36.16,65.09,1.0,-1,-1,-1
177,5,817.23,443.57,17.68,36.16,1.0,-1,-1,-1
177,4,1010.89,444.37,16.07,39.38,1.0,-1,-1,-1
177,1,674.20,441.16,36.96,65.89,1.0,-1,-1,-1
178,5,818.44,444.37,17.28,36.16,1.0,-1,-1,-1
178,4,1012.50,444.78,16.07,40.18,1.0,-1,-1,-1
178,1,675.00,441.16,36.96,66.70,1.0,-1,-1,-1
179,5,818.44,445.18,17.28,35.36,1.0,-1,-1,-1
179,4,1011.70,445.98,16.07,39.38,1.0,-1,-1,-1
179,1,674.60,441.56,36.96,67.50,1.0,-1,-1,-1
180,5,818.84,446.79,16.07,35.36,1.0,-1,-1,-1
180,4,1012.50,446.79,16.07,39.38,1.0,-1,-1,-1
180,1,672.99,442.37,37.77,67.50,1.0,-1,-1,-1
181,4,1011.70,445.98,16.07,40.18,1.0,-1,-1,-1
181,1,674.20,441.96,36.16,67.50,1.0,-1,-1,-1
182,4,1010.89,446.38,16.07,40.18,1.0,-1,-1,-1
182,1,673.79,443.17,36.16,66.70,1.0,-1,-1,-1
183,4,1010.09,447.19,16.07,40.18,1.0,-1,-1,-1
183,1,673.79,443.57,36.16,66.70,1.0,-1,-1,-1
184,4,1009.29,448.39,16.07,40.98,1.0,-1,-1,-1
184,1,672.59,446.38,36.16,65.89,1.0,-1,-1,-1
185,4,1008.48,449.20,16.07,40.98,1.0,-1,-1,-1
185,1,672.19,446.79,36.16,65.89,1.0,-1,-1,-1
186,4,1007.68,449.60,16.07,40.98,1.0,-1,-1,-1
186,1,670.98,447.59,36.16,65.09,1.0,-1,-1,-1
187,4,1006.87,449.60,14.46,40.18,1.0,-1,-1,-1
187,1,671.38,448.39,34.55,65.09,1.0,-1,-1,-1
188,4,1006.07,451.21,14.46,39.38,1.0,-1,-1,-1
188,1,669.78,450.00,35.36,64.29,1.0,-1,-1,-1
189,5,814.82,450.80,16.07,36.16,1.0,-1,-1,-1
189,4,1005.27,452.01,14.46,38.57,1.0,-1,-1,-1
189,1,669.78,448.79,35.36,65.89,1.0,-1,-1,-1
190,5,814.82,450.40,17.68,36.96,1.0,-1,-1,-1
190,1,668.57,448.39,36.96,67.50,1.0,-1,-1,-1
191,1,667.77,448.79,36.96,67.50,1.0,-1,-1,-1
192,1,666.96,447.99,38.57,69.11,1.0,-1,-1,-1
193,1,666.96,447.99,37.77,69.91,1.0,-1,-1,-1
194,5,816.03,450.40,17.28,37.77,1.0,-1,-1,-1
194,1,667.37,447.59,37.77,70.71,1.0,-1,-1,-1
195,5,814.02,444.37,19.29,44.20,1.0,-1,-1,-1
195,1,666.96,448.79,38.57,69.11,1.0,-1,-1,-1
196,1,666.56,450.00,39.38,69.11,1.0,-1,-1,-1
197,1,666.56,448.79,39.38,70.71,1.0,-1,-1,-1
198,1,666.56,449.20,39.38,70.71,1.0,-1,-1,-1
199,1,666.16,450.00,39.38,70.71,1.0,-1,-1,-1
200,5,818.04,453.62,16.07,36.96,1.0,-1,-1,-1
200,1,666.96,450.80,39.38,71.52,1.0,-1,-1,-1
201,5,818.84,455.62,14.46,35.36,1.0,-1,-1,-1
201,1,666.96,450.80,39.38,71.52,1.0,-1,-1,-1
202,4,999.64,457.63,14.46,38.57,1.0,-1,-1,-1
202,1,666.56,450.80,39.38,72.32,1.0,-1,-1,-1
203,1,666.56,450.00,39.38,73.13,1.0,-1,-1,-1
204,7,950.62,445.58,11.25,23.30,1.0,-1,-1,-1
204,1,666.16,450.00,40.18,73.13,1.0,-1,-1,-1
205,1,666.16,450.40,40.98,73.13,1.0,-1,-1,-1
206,5,817.63,454.02,17.28,38.57,1.0,-1,-1,-1
206,1,666.16,450.40,40.98,73.13,1.0,-1,-1,-1
207,1,666.56,451.21,43.39,72.32,1.0,-1,-1,-1
